# svMultiPhysics boundary integral results file. 
# Quantities represent averaged scalar or flux values over each mesh face.
#        
# Format 
# ------ 
# face areas: [list of mesh face areas]  
# step time [list of mesh face names] 
# [time step] [time] [list of computed values for each mesh face]
face areas:  2.024e-09  5.049e-12  4.356e-12  7.757e-12  4.239e-12 
step   time   WALL  OUTLET_03  OUTLET_01  INLET  OUTLET_02 
 1   1.5040600917e-07  0.0000000000e+00  4.1426234229e-16  1.8988457908e-16  -2.7369132391e-15  3.5012229373e-15 
 2   3.0081201834e-07  0.0000000000e+00  2.2309968022e-16  8.1564031567e-17  -2.7369132391e-15  1.7480212175e-15 
 3   4.5121802751e-07  0.0000000000e+00  3.2152718120e-16  1.3344917981e-16  -2.7369132391e-15  2.6240510330e-15 
 4   6.0162403668e-07  0.0000000000e+00  2.7196078760e-16  1.0803369131e-16  -2.7369132391e-15  2.1858616827e-15 
 5   7.5203004584e-07  0.0000000000e+00  2.9651552540e-16  1.2084460164e-16  -2.7369132391e-15  2.4050816508e-15 
 6   9.0243605501e-07  0.0000000000e+00  2.8434517312e-16  1.1435530947e-16  -2.7369132391e-15  2.2954484871e-15 
 7   1.0528420642e-06  0.0000000000e+00  2.9040518500e-16  1.1763105093e-16  -2.7369132391e-15  2.3502591378e-15 
 8   1.2032480734e-06  0.0000000000e+00  2.8737643595e-16  1.1598380522e-16  -2.7369132391e-15  2.3228619306e-15 
 9   1.3536540825e-06  0.0000000000e+00  2.8889365913e-16  1.1680967426e-16  -2.7369132391e-15  2.3365554394e-15 
 10   1.5040600917e-06  0.0000000000e+00  2.8813305026e-16  1.1639645323e-16  -2.7369132391e-15  2.3297109688e-15 
 11   1.6544661009e-06  0.0000000000e+00  2.8851405029e-16  1.1660303459e-16  -2.7369132391e-15  2.3331325376e-15 
 12   1.8048721100e-06  0.0000000000e+00  2.8832358063e-16  1.1649970975e-16  -2.7369132391e-15  2.3314217570e-15 
 13   1.9552781192e-06  0.0000000000e+00  2.8841856324e-16  1.1655147072e-16  -2.7369132391e-15  2.3322773010e-15 
 14   2.1056841284e-06  0.0000000000e+00  2.8837130390e-16  1.1652548312e-16  -2.7369132391e-15  2.3318494041e-15 
 15   2.2560901375e-06  0.0000000000e+00  2.8839478579e-16  1.1653856106e-16  -2.7369132391e-15  2.3320634162e-15 
 16   2.4064961467e-06  0.0000000000e+00  2.8838312024e-16  1.1653196701e-16  -2.7369132391e-15  2.3319563899e-15 
 17   2.5569021559e-06  0.0000000000e+00  2.8838892159e-16  1.1653529585e-16  -2.7369132391e-15  2.3320099026e-15 
 18   2.7073081650e-06  0.0000000000e+00  2.8838603096e-16  1.1653361472e-16  -2.7369132391e-15  2.3319831529e-15 
 19   2.8577141742e-06  0.0000000000e+00  2.8838747459e-16  1.1653446341e-16  -2.7369132391e-15  2.3319965213e-15 
 20   3.0081201834e-06  0.0000000000e+00  2.8838675211e-16  1.1653403536e-16  -2.7369132391e-15  2.3319898415e-15 
 21   3.1585261925e-06  0.0000000000e+00  2.8838711420e-16  1.1653425100e-16  -2.7369132391e-15  2.3319931790e-15 
 22   3.3089322017e-06  0.0000000000e+00  2.8838693264e-16  1.1653414249e-16  -2.7369132391e-15  2.3319915114e-15 
 23   3.4593382109e-06  0.0000000000e+00  2.8838702364e-16  1.1653419705e-16  -2.7369132391e-15  2.3319923447e-15 
 24   3.6097442201e-06  0.0000000000e+00  2.8838697808e-16  1.1653416963e-16  -2.7369132391e-15  2.3319919282e-15 
 25   3.7601502292e-06  0.0000000000e+00  2.8838700085e-16  1.1653418341e-16  -2.7369132391e-15  2.3319921364e-15 
 26   3.9105562384e-06  0.0000000000e+00  2.8838698949e-16  1.1653417648e-16  -2.7369132391e-15  2.3319920323e-15 
 27   4.0609622476e-06  0.0000000000e+00  2.8838699515e-16  1.1653417996e-16  -2.7369132391e-15  2.3319920844e-15 
 28   4.2113682567e-06  0.0000000000e+00  2.8838699233e-16  1.1653417821e-16  -2.7369132391e-15  2.3319920584e-15 
 29   4.3617742659e-06  0.0000000000e+00  2.8838699373e-16  1.1653417909e-16  -2.7369132391e-15  2.3319920714e-15 
 30   4.5121802751e-06  0.0000000000e+00  2.8838699303e-16  1.1653417865e-16  -2.7369132391e-15  2.3319920649e-15 
 31   4.6625862842e-06  0.0000000000e+00  2.8838699338e-16  1.1653417887e-16  -2.7369132391e-15  2.3319920681e-15 
 32   4.8129922934e-06  0.0000000000e+00  2.8838699321e-16  1.1653417876e-16  -2.7369132391e-15  2.3319920665e-15 
 33   4.9633983026e-06  0.0000000000e+00  2.8838699330e-16  1.1653417882e-16  -2.7369132391e-15  2.3319920673e-15 
 34   5.1138043117e-06  0.0000000000e+00  2.8838699325e-16  1.1653417879e-16  -2.7369132391e-15  2.3319920669e-15 
 35   5.2642103209e-06  0.0000000000e+00  2.8838699327e-16  1.1653417880e-16  -2.7369132391e-15  2.3319920671e-15 
 36   5.4146163301e-06  0.0000000000e+00  2.8838699326e-16  1.1653417880e-16  -2.7369132391e-15  2.3319920670e-15 
 37   5.5650223392e-06  0.0000000000e+00  2.8838699327e-16  1.1653417880e-16  -2.7369132391e-15  2.3319920670e-15 
 38   5.7154283484e-06  0.0000000000e+00  2.8838699327e-16  1.1653417880e-16  -2.7369132391e-15  2.3319920670e-15 
 39   5.8658343576e-06  0.0000000000e+00  2.8838699327e-16  1.1653417880e-16  -2.7369132391e-15  2.3319920670e-15 
 40   6.0162403668e-06  0.0000000000e+00  2.8838699327e-16  1.1653417880e-16  -2.7369132391e-15  2.3319920670e-15 
 41   6.1666463759e-06  0.0000000000e+00  2.8838699327e-16  1.1653417880e-16  -2.7369132391e-15  2.3319920670e-15 
 42   6.3170523851e-06  0.0000000000e+00  2.8838699327e-16  1.1653417880e-16  -2.7369132391e-15  2.3319920670e-15 
 43   6.4674583943e-06  0.0000000000e+00  2.8838699327e-16  1.1653417880e-16  -2.7369132391e-15  2.3319920670e-15 
 44   6.6178644034e-06  0.0000000000e+00  2.8838699327e-16  1.1653417880e-16  -2.7369132391e-15  2.3319920670e-15 
 45   6.7682704126e-06  0.0000000000e+00  2.8838699327e-16  1.1653417880e-16  -2.7369132391e-15  2.3319920670e-15 
 46   6.9186764218e-06  0.0000000000e+00  2.8838699327e-16  1.1653417880e-16  -2.7369132391e-15  2.3319920670e-15 
 47   7.0690824309e-06  0.0000000000e+00  2.8838699327e-16  1.1653417880e-16  -2.7369132391e-15  2.3319920670e-15 
 48   7.2194884401e-06  0.0000000000e+00  2.8838699327e-16  1.1653417880e-16  -2.7369132391e-15  2.3319920670e-15 
 49   7.3698944493e-06  0.0000000000e+00  2.8838699327e-16  1.1653417880e-16  -2.7369132391e-15  2.3319920670e-15 
 50   7.5203004584e-06  0.0000000000e+00  2.8838699327e-16  1.1653417880e-16  -2.7369132391e-15  2.3319920670e-15 
 51   7.6707064676e-06  0.0000000000e+00  2.8838699327e-16  1.1653417880e-16  -2.7369132391e-15  2.3319920670e-15 
 52   7.8211124768e-06  0.0000000000e+00  2.8838699327e-16  1.1653417880e-16  -2.7369132391e-15  2.3319920670e-15 
 53   7.9715184859e-06  0.0000000000e+00  2.8838699327e-16  1.1653417880e-16  -2.7369132391e-15  2.3319920670e-15 
 54   8.1219244951e-06  0.0000000000e+00  2.8838699327e-16  1.1653417880e-16  -2.7369132391e-15  2.3319920670e-15 
 55   8.2723305043e-06  0.0000000000e+00  2.8838699327e-16  1.1653417880e-16  -2.7369132391e-15  2.3319920670e-15 
 56   8.4227365135e-06  0.0000000000e+00  2.8838699327e-16  1.1653417880e-16  -2.7369132391e-15  2.3319920670e-15 
 57   8.5731425226e-06  0.0000000000e+00  2.8838699327e-16  1.1653417880e-16  -2.7369132391e-15  2.3319920670e-15 
 58   8.7235485318e-06  0.0000000000e+00  2.8838699327e-16  1.1653417880e-16  -2.7369132391e-15  2.3319920670e-15 
 59   8.8739545410e-06  0.0000000000e+00  2.8838699327e-16  1.1653417880e-16  -2.7369132391e-15  2.3319920670e-15 
 60   9.0243605501e-06  0.0000000000e+00  2.8838699327e-16  1.1653417880e-16  -2.7369132391e-15  2.3319920670e-15 
 61   9.1747665593e-06  0.0000000000e+00  2.8838699327e-16  1.1653417880e-16  -2.7369132391e-15  2.3319920670e-15 
 62   9.3251725685e-06  0.0000000000e+00  2.8838699327e-16  1.1653417880e-16  -2.7369132391e-15  2.3319920670e-15 
 63   9.4755785776e-06  0.0000000000e+00  2.8838699327e-16  1.1653417880e-16  -2.7369132391e-15  2.3319920670e-15 
 64   9.6259845868e-06  0.0000000000e+00  2.8838699327e-16  1.1653417880e-16  -2.7369132391e-15  2.3319920670e-15 
 65   9.7763905960e-06  0.0000000000e+00  2.8838699327e-16  1.1653417880e-16  -2.7369132391e-15  2.3319920670e-15 
 66   9.9267966051e-06  0.0000000000e+00  2.8838699327e-16  1.1653417880e-16  -2.7369132391e-15  2.3319920670e-15 
 67   1.0077202614e-05  0.0000000000e+00  2.8838699327e-16  1.1653417880e-16  -2.7369132391e-15  2.3319920670e-15 
 68   1.0227608623e-05  0.0000000000e+00  2.8838699327e-16  1.1653417880e-16  -2.7369132391e-15  2.3319920670e-15 
 69   1.0378014633e-05  0.0000000000e+00  2.8838699327e-16  1.1653417880e-16  -2.7369132391e-15  2.3319920670e-15 
 70   1.0528420642e-05  0.0000000000e+00  2.8838699327e-16  1.1653417880e-16  -2.7369132391e-15  2.3319920670e-15 
 71   1.0678826651e-05  0.0000000000e+00  2.8838699327e-16  1.1653417880e-16  -2.7369132391e-15  2.3319920670e-15 
