-----------------------------------------------------------------------------------
 Eq      N-i            T    dB      Ri/R1      Ri/R0       R/Ri    lsIt   dB   %t
-----------------------------------------------------------------------------------
 NS      1-1    2.621e+01 [   0  1.000e+00  1.000e+00  9.999e-11] [  686 -230   89]
 NS      1-2    4.338e+01 [-104  5.755e-06  5.755e-06  9.670e-11] [  656 -231   87]
 NS      1-3s   6.047e+01 [-215  1.627e-11  1.627e-11  9.909e-11] [  627 -230   87]
 NS      2-1    8.000e+01 [   0  1.000e+00  1.132e+00  9.066e-11] [  749 -231   84]
 NS      2-2    9.696e+01 [-111  2.685e-06  3.039e-06  9.634e-11] [  628 -231   87]
 NS      2-3s   1.141e+02 [-220  9.081e-12  1.028e-11  9.883e-11] [  644 -230   86]
 NS      3-1    1.332e+02 [   0  1.000e+00  1.261e+00  9.824e-11] [  763 -230   85]
 NS      3-2    1.502e+02 [-118  1.216e-06  1.534e-06  9.742e-11] [  656 -231   87]
 NS      3-3s   1.678e+02 [-229  3.485e-12  4.395e-12  2.173e-10] [  477 -222   81]
 NS      4-1    1.866e+02 [   0  1.000e+00  1.093e+00  9.854e-11] [  687 -230   84]
 NS      4-2    2.032e+02 [-122  7.663e-07  8.376e-07  9.659e-11] [  616 -231   87]
 NS      4-3s   2.174e+02 [-233  2.208e-12  2.414e-12  3.912e-10] [  453 -217   85]
 NS      5-1    2.368e+02 [   0  1.000e+00  8.300e-01  9.841e-11] [  730 -230   85]
 NS      5-2    2.532e+02 [-125  5.607e-07  4.654e-07  9.935e-11] [  584 -230   87]
 NS      5-3s   2.706e+02 [-236  1.551e-12  1.287e-12  7.608e-10] [  543 -210   87]
 NS      6-1    2.900e+02 [   0  1.000e+00  5.818e-01  9.576e-11] [  761 -231   85]
 NS      6-2    3.065e+02 [-126  4.519e-07  2.629e-07  9.928e-11] [  613 -230   87]
 NS      6-3s   3.212e+02 [-238  1.242e-12  7.224e-13  1.370e-09] [  448 -204   85]
 NS      7-1    3.404e+02 [   0  1.000e+00  3.864e-01  9.454e-11] [  742 -231   84]
 NS      7-2    3.578e+02 [-127  4.125e-07  1.594e-07  9.976e-11] [  656 -230   86]
 NS      7-3s   3.726e+02 [-239  1.089e-12  4.209e-13  2.259e-09] [  480 -199   84]
 NS      8-1    3.893e+02 [   0  1.000e+00  2.467e-01  9.476e-11] [  559 -231   82]
 NS      8-2    4.042e+02 [-128  3.690e-07  9.105e-08  9.516e-11] [  436 -231   82]
 NS      8-3s   4.203e+02 [-239  1.021e-12  2.520e-13  3.661e-09] [  544 -194   85]
 NS      9-1    4.395e+02 [   0  1.000e+00  1.529e-01  9.746e-11] [  734 -231   84]
 NS      9-2    4.546e+02 [-128  3.603e-07  5.509e-08  9.308e-11] [  485 -231   85]
 NS      9-3s   4.695e+02 [-240  9.969e-13  1.524e-13  6.486e-09] [  477 -189   85]
 NS     10-1    4.891e+02 [   0  1.000e+00  9.254e-02  9.940e-11] [  736 -230   84]
 NS     10-2    5.051e+02 [-129  3.433e-07  3.177e-08  9.753e-11] [  549 -231   86]
 NS     10-3s   5.206e+02 [-239  1.003e-12  9.287e-14  1.061e-08] [  457 -184   84]
 NS     11-1    5.400e+02 [   0  1.000e+00  5.494e-02  9.990e-11] [  739 -230   84]
 NS     11-2    5.568e+02 [-129  3.390e-07  1.863e-08  9.969e-11] [  622 -230   86]
 NS     11-3s   5.713e+02 [-239  1.102e-12  6.051e-14  1.622e-08] [  458 -179   85]
 NS     12-1    5.892e+02 [   0  1.000e+00  3.209e-02  9.664e-11] [  633 -231   83]
 NS     12-2    6.041e+02 [-129  3.301e-07  1.059e-08  9.926e-11] [  506 -230   86]
 NS     12-3s   6.171e+02 [-237  1.396e-12  4.479e-14  2.195e-08] [  325 -176   83]
 NS     13-1    6.357e+02 [   0  1.000e+00  1.849e-02  9.889e-11] [  653 -230   83]
 NS     13-2    6.519e+02 [-129  3.269e-07  6.044e-09  9.801e-11] [  571 -230   86]
 NS     13-3s   6.664e+02 [-233  2.073e-12  3.833e-14  2.539e-08] [  448 -175   84]
 NS     14-1    6.845e+02 [   0  1.000e+00  1.053e-02  9.626e-11] [  646 -231   82]
 NS     14-2    7.011e+02 [-129  3.224e-07  3.395e-09  9.739e-11] [  558 -231   86]
 NS     14-3s   7.142e+02 [-229  3.449e-12  3.632e-14  2.723e-08] [  325 -174   82]
 NS     15-1    7.326e+02 [   0  1.000e+00  5.936e-03  9.993e-11] [  661 -230   83]
 NS     15-2    7.519e+02 [-129  3.205e-07  1.902e-09  9.598e-11] [  645 -231   86]
 NS     15-3s   7.660e+02 [-224  5.974e-12  3.546e-14  2.754e-08] [  407 -174   84]
 NS     16-1    7.836e+02 [   0  1.000e+00  3.316e-03  9.839e-11] [  632 -230   83]
 NS     16-2    7.995e+02 [-129  3.186e-07  1.057e-09  9.139e-11] [  553 -231   86]
 NS     16-3s   8.125e+02 [-219  1.059e-11  3.513e-14  2.800e-08] [  363 -174   83]
 NS     17-1    8.313e+02 [   0  1.000e+00  1.838e-03  9.147e-11] [  662 -231   84]
 NS     17-2    8.470e+02 [-129  3.180e-07  5.844e-10  9.601e-11] [  546 -231   86]
 NS     17-3s   8.596e+02 [-214  1.900e-11  3.491e-14  2.836e-08] [  318 -174   83]
 NS     18-1    8.781e+02 [   0  1.000e+00  1.011e-03  9.875e-11] [  675 -230   84]
 NS     18-2    8.956e+02 [-129  3.177e-07  3.213e-10  9.717e-11] [  654 -231   86]
 NS     18-3s   9.084e+02 [-209  3.515e-11  3.555e-14  2.777e-08] [  336 -174   83]
 NS     19-1    9.284e+02 [   0  1.000e+00  5.529e-04  9.987e-11] [  812 -230   85]
 NS     19-2    9.432e+02 [-129  3.181e-07  1.759e-10  9.747e-11] [  453 -231   84]
 NS     19-3s   9.560e+02 [-203  6.336e-11  3.503e-14  2.780e-08] [  329 -174   82]
 NS     20-1    9.764e+02 [   0  1.000e+00  3.005e-04  9.881e-11] [  753 -230   82]
 NS     20-2s   9.925e+02 [-129  3.189e-07  9.584e-11  9.535e-11] [  557 -231   86]
 NS     21-1    1.010e+03 [   0  1.000e+00  1.624e-04  9.932e-11] [  590 -230   83]
 NS     21-2s   1.025e+03 [-129  3.202e-07  5.201e-11  9.991e-11] [  484 -230   86]
 NS     22-1    1.043e+03 [   0  1.000e+00  8.739e-05  9.663e-11] [  667 -231   83]
 NS     22-2s   1.060e+03 [-129  3.218e-07  2.812e-11  9.852e-11] [  576 -230   87]
 NS     23-1    1.078e+03 [   0  1.000e+00  4.679e-05  9.960e-11] [  649 -230   83]
 NS     23-2s   1.095e+03 [-129  3.237e-07  1.515e-11  9.562e-11] [  546 -231   86]
 NS     24-1    1.113e+03 [   0  1.000e+00  2.495e-05  9.658e-11] [  652 -231   83]
 NS     24-2s   1.131e+03 [-129  3.259e-07  8.132e-12  1.204e-10] [  574 -228   84]
 NS     25-1    1.151e+03 [   0  1.000e+00  1.325e-05  9.592e-11] [  791 -231   85]
 NS     25-2s   1.166e+03 [-129  3.285e-07  4.353e-12  2.242e-10] [  547 -222   86]
 NS     26-1    1.186e+03 [   0  1.000e+00  7.012e-06  9.477e-11] [  754 -231   84]
 NS     26-2s   1.202e+03 [-129  3.313e-07  2.323e-12  4.254e-10] [  545 -216   86]
 NS     27-1    1.221e+03 [   0  1.000e+00  3.697e-06  9.609e-11] [  710 -231   84]
 NS     27-2s   1.237e+03 [-129  3.345e-07  1.237e-12  7.349e-10] [  547 -210   86]
 NS     28-1    1.255e+03 [   0  1.000e+00  1.943e-06  9.804e-11] [  646 -230   83]
 NS     28-2s   1.271e+03 [-129  3.382e-07  6.572e-13  1.456e-09] [  561 -203   85]
 NS     29-1    1.290e+03 [   0  1.000e+00  1.018e-06  9.642e-11] [  618 -231   82]
 NS     29-2s   1.303e+03 [-129  3.430e-07  3.492e-13  2.833e-09] [  373 -197   83]
 NS     30-1    1.322e+03 [   0  1.000e+00  5.319e-07  9.914e-11] [  655 -230   84]
 NS     30-2s   1.337e+03 [-129  3.507e-07  1.865e-13  5.289e-09] [  505 -191   85]
 NS     31-1    1.357e+03 [   0  1.000e+00  2.771e-07  9.841e-11] [  758 -230   84]
 NS     31-2s   1.372e+03 [-128  3.687e-07  1.021e-13  9.233e-09] [  466 -185   85]
 NS     32-1    1.390e+03 [   0  1.000e+00  1.439e-07  9.840e-11] [  661 -230   84]
 NS     32-2s   1.405e+03 [-127  4.190e-07  6.031e-14  1.627e-08] [  439 -179   85]
 NS     33-1    1.424e+03 [   0  1.000e+00  7.459e-08  9.963e-11] [  675 -230   81]
 NS     33-2s   1.438e+03 [-125  5.597e-07  4.175e-14  2.261e-08] [  446 -176   85]
 NS     34-1    1.456e+03 [   0  1.000e+00  3.856e-08  9.719e-11] [  633 -231   83]
 NS     34-2s   1.470e+03 [-120  9.115e-07  3.515e-14  2.803e-08] [  392 -174   83]
 NS     35-1    1.490e+03 [   0  1.000e+00  1.989e-08  9.984e-11] [  754 -230   84]
 NS     35-2s   1.503e+03 [-115  1.636e-06  3.254e-14  2.735e-08] [  385 -174   84]
 NS     36-1    1.521e+03 [   0  1.000e+00  1.023e-08  9.878e-11] [  644 -230   83]
 NS     36-2s   1.534e+03 [-109  3.166e-06  3.240e-14  3.015e-08] [  356 -173   83]
 NS     37-1    1.554e+03 [   0  1.000e+00  5.253e-09  9.887e-11] [  839 -230   86]
 NS     37-2s   1.566e+03 [-104  6.103e-06  3.206e-14  3.088e-08] [  282 -173   82]
 NS     38-1    1.584e+03 [   0  1.000e+00  2.691e-09  9.887e-11] [  676 -230   84]
 NS     38-2s   1.596e+03 [ -98  1.199e-05  3.226e-14  3.046e-08] [  266 -173   81]
 NS     39-1    1.614e+03 [   0  1.000e+00  1.376e-09  9.985e-11] [  721 -230   84]
 NS     39-2s   1.627e+03 [ -92  2.313e-05  3.183e-14  3.064e-08] [  363 -173   83]
 NS     40-1    1.649e+03 [   0  1.000e+00  7.022e-10  8.833e-11] [  759 -231   85]
 NS     40-2s   1.662e+03 [ -86  4.577e-05  3.214e-14  2.803e-08] [  351 -174   82]
 NS     41-1    1.679e+03 [   0  1.000e+00  3.576e-10  9.913e-11] [  579 -230   82]
 NS     41-2s   1.692e+03 [ -80  8.942e-05  3.198e-14  3.092e-08] [  356 -173   83]
 NS     42-1    1.711e+03 [   0  1.000e+00  1.818e-10  9.647e-11] [  677 -231   83]
 NS     42-2s   1.725e+03 [ -75  1.771e-04  3.220e-14  3.057e-08] [  347 -173   83]
 NS     43-1    1.744e+03 [   0  1.000e+00  9.226e-11  9.497e-11] [  743 -231   85]
 NS     43-2s   1.757e+03 [ -69  3.473e-04  3.204e-14  3.041e-08] [  319 -173   81]
 NS     44-1    1.777e+03 [   0  1.000e+00  4.673e-11  9.255e-11] [  761 -231   85]
 NS     44-2s   1.790e+03 [ -63  6.813e-04  3.184e-14  2.997e-08] [  335 -173   83]
 NS     45-1    1.808e+03 [   0  1.000e+00  2.363e-11  9.305e-11] [  668 -231   83]
 NS     45-2s   1.822e+03 [ -57  1.338e-03  3.162e-14  3.045e-08] [  343 -173   83]
 NS     46-1    1.841e+03 [   0  1.000e+00  1.193e-11  9.077e-11] [  758 -231   85]
 NS     46-2s   1.855e+03 [ -51  2.649e-03  3.161e-14  3.093e-08] [  391 -173   84]
 NS     47-1    1.876e+03 [   0  1.000e+00  6.014e-12  1.634e-10] [  775 -225   86]
 NS     47-2s   1.888e+03 [ -45  5.182e-03  3.116e-14  3.176e-08] [  297 -173   81]
 NS     48-1    1.906e+03 [   0  1.000e+00  3.027e-12  3.264e-10] [  645 -218   84]
 NS     48-2s   1.919e+03 [ -39  1.040e-02  3.147e-14  2.971e-08] [  357 -173   83]
 NS     49-1    1.937e+03 [   0  1.000e+00  1.521e-12  6.476e-10] [  636 -212   84]
 NS     49-2s   1.950e+03 [ -33  2.065e-02  3.141e-14  3.112e-08] [  324 -173   82]
 NS     50-1    1.968e+03 [   0  1.000e+00  7.643e-13  1.261e-09] [  664 -205   83]
 NS     50-2s   1.980e+03 [ -27  4.058e-02  3.102e-14  2.977e-08] [  294 -173   82]
 NS     51-1    1.998e+03 [   0  1.000e+00  3.851e-13  2.296e-09] [  589 -199   82]
 NS     51-2s   2.010e+03 [ -21  8.041e-02  3.097e-14  3.099e-08] [  265 -173   82]
 NS     52-1    2.028e+03 [   0  1.000e+00  1.971e-13  4.909e-09] [  659 -191   83]
 NS     52-2s   2.040e+03 [ -16  1.574e-01  3.101e-14  3.090e-08] [  265 -173   81]
 NS     53-1    2.058e+03 [   0  1.000e+00  1.072e-13  9.156e-09] [  632 -185   82]
 NS     53-2s   2.072e+03 [ -10  2.962e-01  3.174e-14  3.115e-08] [  398 -173   84]
 NS     54-1    2.089e+03 [   0  1.000e+00  6.821e-14  1.440e-08] [  570 -181   82]
 NS     54-2s   2.102e+03 [  -6  4.541e-01  3.097e-14  3.044e-08] [  247 -173   83]
 NS     55-1    2.118e+03 [   0  1.000e+00  5.427e-14  1.796e-08] [  554 -178   81]
 NS     55-2s   2.132e+03 [  -4  5.791e-01  3.143e-14  3.146e-08] [  318 -173   82]
 NS     56-1    2.148e+03 [   0  1.000e+00  5.121e-14  1.849e-08] [  544 -178   82]
 NS     56-2s   2.162e+03 [  -4  6.102e-01  3.125e-14  3.062e-08] [  363 -173   82]
 NS     57-1    2.177e+03 [   0  1.000e+00  5.026e-14  1.925e-08] [  471 -178   81]
 NS     57-2s   2.189e+03 [  -4  6.237e-01  3.135e-14  2.933e-08] [  249 -173   80]
 NS     58-1    2.205e+03 [   0  1.000e+00  4.902e-14  1.972e-08] [  493 -177   81]
 NS     58-2s   2.218e+03 [  -3  6.322e-01  3.099e-14  3.112e-08] [  284 -173   81]
 NS     59-1    2.233e+03 [   0  1.000e+00  4.805e-14  2.013e-08] [  415 -177   80]
 NS     59-2s   2.246e+03 [  -3  6.473e-01  3.110e-14  3.049e-08] [  361 -173   83]
 NS     60-1    2.261e+03 [   0  1.000e+00  4.691e-14  2.020e-08] [  416 -177   80]
 NS     60-2s   2.273e+03 [  -3  6.650e-01  3.119e-14  3.022e-08] [  284 -173   81]
 NS     61-1    2.287e+03 [   0  1.000e+00  4.754e-14  2.037e-08] [  350 -177   77]
 NS     61-2s   2.300e+03 [  -3  6.505e-01  3.092e-14  3.046e-08] [  280 -173   82]
 NS     62-1    2.314e+03 [   0  1.000e+00  4.658e-14  2.039e-08] [  347 -177   78]
 NS     62-2s   2.327e+03 [  -3  6.689e-01  3.115e-14  3.169e-08] [  367 -173   83]
 NS     63-1    2.342e+03 [   0  1.000e+00  4.745e-14  1.899e-08] [  389 -178   79]
 NS     63-2s   2.354e+03 [  -3  6.639e-01  3.151e-14  2.963e-08] [  232 -173   81]
 NS     64-1    2.369e+03 [   0  1.000e+00  4.700e-14  2.008e-08] [  389 -177   79]
 NS     64-2s   2.382e+03 [  -3  6.579e-01  3.092e-14  3.171e-08] [  338 -173   83]
 NS     65-1    2.397e+03 [   0  1.000e+00  4.766e-14  2.062e-08] [  409 -177   81]
 NS     65-2s   2.410e+03 [  -3  6.495e-01  3.096e-14  3.096e-08] [  326 -173   82]
 NS     66-1    2.425e+03 [   0  1.000e+00  4.879e-14  2.022e-08] [  411 -177   80]
 NS     66-2s   2.438e+03 [  -3  6.355e-01  3.101e-14  3.155e-08] [  333 -173   82]
 NS     67-1    2.453e+03 [   0  1.000e+00  4.768e-14  2.056e-08] [  363 -177   78]
 NS     67-2s   2.465e+03 [  -3  6.382e-01  3.043e-14  3.199e-08] [  246 -173   80]
 NS     68-1    2.479e+03 [   0  1.000e+00  4.761e-14  2.078e-08] [  376 -177   78]
 NS     68-2s   2.493e+03 [  -3  6.442e-01  3.067e-14  3.213e-08] [  370 -173   84]
 NS     69-1    2.507e+03 [   0  1.000e+00  4.809e-14  2.019e-08] [  366 -177   78]
 NS     69-2s   2.519e+03 [  -3  6.448e-01  3.101e-14  3.051e-08] [  281 -173   81]
 NS     70-1    2.535e+03 [   0  1.000e+00  4.842e-14  2.029e-08] [  430 -177   79]
 NS     70-2s   2.548e+03 [  -3  6.512e-01  3.153e-14  3.083e-08] [  319 -173   82]
 NS     71-1    2.562e+03 [   0  1.000e+00  4.733e-14  2.071e-08] [  384 -177   79]
 NS     71-2s   2.574e+03 [  -3  6.485e-01  3.069e-14  3.223e-08] [  266 -173   81]
