-----------------------------------------------------------------------------------
 Eq      N-i            T    dB      Ri/R1      Ri/R0       R/Ri    lsIt   dB   %t
-----------------------------------------------------------------------------------
 NS      1-1    2.640e+01 [   0  1.000e+00  1.000e+00  9.841e-11] [  677 -230   89]
 NS      1-2    3.635e+01 [-104  5.755e-06  5.755e-06  9.370e-11] [  530 -231   75]
 NS      1-3    4.618e+01 [-215  1.627e-11  1.627e-11  9.748e-11] [  526 -231   76]
 NS      2-1    5.773e+01 [   0  1.000e+00  1.132e+00  9.954e-11] [  647 -230   79]
 NS      2-2    6.911e+01 [-111  2.685e-06  3.039e-06  9.779e-11] [  639 -230   79]
 NS      2-3    8.084e+01 [-220  9.081e-12  1.028e-11  9.922e-11] [  653 -230   78]
 NS      3-1    9.284e+01 [   0  1.000e+00  1.261e+00  9.874e-11] [  679 -230   80]
 NS      3-2    1.032e+02 [-118  1.216e-06  1.534e-06  9.861e-11] [  560 -230   77]
 NS      3-3    1.142e+02 [-229  3.485e-12  4.395e-12  2.251e-10] [  583 -222   75]
