# svMultiPhysics boundary integral results file. 
# Quantities represent averaged scalar or flux values over each mesh face.
#        
# Format 
# ------ 
# face areas: [list of mesh face areas]  
# step time [list of mesh face names] 
# [time step] [time] [list of computed values for each mesh face]
face areas:  2.024e-09  5.049e-12  4.356e-12  7.757e-12  4.239e-12 
step   time   WALL  OUTLET_03  OUTLET_01  INLET  OUTLET_02 
 1   1.5040600917e-07  0.0000000000e+00  2.3481678145e-15  1.0763250224e-15  -1.5513591604e-14  1.9845894570e-14 
 2   3.0081201834e-07  0.0000000000e+00  1.2646102383e-15  4.6233601266e-16  -1.5513591604e-14  9.9082474524e-15 
 3   4.5121802751e-07  0.0000000000e+00  1.8225239857e-15  7.5643477331e-16  -1.5513591604e-14  1.4873831796e-14 
 4   6.0162403668e-07  0.0000000000e+00  1.5415675360e-15  6.1237257760e-16  -1.5513591604e-14  1.2390052016e-14 
 5   7.5203004584e-07  0.0000000000e+00  1.6807508088e-15  6.8498850994e-16  -1.5513591604e-14  1.3632652023e-14 
 6   9.0243605501e-07  0.0000000000e+00  1.6117658094e-15  6.4820535892e-16  -1.5513591604e-14  1.3011220567e-14 
 7   1.0528420642e-06  0.0000000000e+00  1.6461156573e-15  6.6677317918e-16  -1.5513591604e-14  1.3321902702e-14 
 8   1.2032480734e-06  0.0000000000e+00  1.6289478617e-15  6.5743613150e-16  -1.5513591604e-14  1.3166607644e-14 
 9   1.3536540825e-06  0.0000000000e+00  1.6375479058e-15  6.6211738730e-16  -1.5513591604e-14  1.3244226295e-14 
 10   1.5040600917e-06  0.0000000000e+00  1.6332365625e-15  6.5977513519e-16  -1.5513591604e-14  1.3205429915e-14 
 11   1.6544661009e-06  0.0000000000e+00  1.6353961772e-15  6.6094609616e-16  -1.5513591604e-14  1.3224824327e-14 
 12   1.8048721100e-06  0.0000000000e+00  1.6343165418e-15  6.6036042196e-16  -1.5513591604e-14  1.3215127143e-14 
 13   1.9552781192e-06  0.0000000000e+00  1.6348549299e-15  6.6065381770e-16  -1.5513591604e-14  1.3219976606e-14 
 14   2.1056841284e-06  0.0000000000e+00  1.6345870507e-15  6.6050651266e-16  -1.5513591604e-14  1.3217551167e-14 
 15   2.2560901375e-06  0.0000000000e+00  1.6347201526e-15  6.6058064210e-16  -1.5513591604e-14  1.3218764247e-14 
 16   2.4064961467e-06  0.0000000000e+00  1.6346540290e-15  6.6054326521e-16  -1.5513591604e-14  1.3218157592e-14 
 17   2.5569021559e-06  0.0000000000e+00  1.6346869127e-15  6.6056213399e-16  -1.5513591604e-14  1.3218460917e-14 
 18   2.7073081650e-06  0.0000000000e+00  1.6346705278e-15  6.6055260490e-16  -1.5513591604e-14  1.3218309292e-14 
 19   2.8577141742e-06  0.0000000000e+00  1.6346787107e-15  6.6055741549e-16  -1.5513591604e-14  1.3218385068e-14 
 20   3.0081201834e-06  0.0000000000e+00  1.6346746154e-15  6.6055498916e-16  -1.5513591604e-14  1.3218347205e-14 
 21   3.1585261925e-06  0.0000000000e+00  1.6346766679e-15  6.6055621151e-16  -1.5513591604e-14  1.3218366122e-14 
 22   3.3089322017e-06  0.0000000000e+00  1.6346756387e-15  6.6055559641e-16  -1.5513591604e-14  1.3218356671e-14 
 23   3.4593382109e-06  0.0000000000e+00  1.6346761545e-15  6.6055590566e-16  -1.5513591604e-14  1.3218361394e-14 
 24   3.6097442201e-06  0.0000000000e+00  1.6346758963e-15  6.6055575026e-16  -1.5513591604e-14  1.3218359033e-14 
 25   3.7601502292e-06  0.0000000000e+00  1.6346760254e-15  6.6055582834e-16  -1.5513591604e-14  1.3218360213e-14 
 26   3.9105562384e-06  0.0000000000e+00  1.6346759610e-15  6.6055578910e-16  -1.5513591604e-14  1.3218359623e-14 
 27   4.0609622476e-06  0.0000000000e+00  1.6346759931e-15  6.6055580883e-16  -1.5513591604e-14  1.3218359918e-14 
 28   4.2113682567e-06  0.0000000000e+00  1.6346759771e-15  6.6055579890e-16  -1.5513591604e-14  1.3218359771e-14 
 29   4.3617742659e-06  0.0000000000e+00  1.6346759850e-15  6.6055580390e-16  -1.5513591604e-14  1.3218359844e-14 
 30   4.5121802751e-06  0.0000000000e+00  1.6346759811e-15  6.6055580138e-16  -1.5513591604e-14  1.3218359807e-14 
 31   4.6625862842e-06  0.0000000000e+00  1.6346759831e-15  6.6055580265e-16  -1.5513591604e-14  1.3218359826e-14 
 32   4.8129922934e-06  0.0000000000e+00  1.6346759821e-15  6.6055580201e-16  -1.5513591604e-14  1.3218359817e-14 
 33   4.9633983026e-06  0.0000000000e+00  1.6346759826e-15  6.6055580234e-16  -1.5513591604e-14  1.3218359821e-14 
 34   5.1138043117e-06  0.0000000000e+00  1.6346759823e-15  6.6055580217e-16  -1.5513591604e-14  1.3218359819e-14 
 35   5.2642103209e-06  0.0000000000e+00  1.6346759824e-15  6.6055580225e-16  -1.5513591604e-14  1.3218359820e-14 
 36   5.4146163301e-06  0.0000000000e+00  1.6346759824e-15  6.6055580221e-16  -1.5513591604e-14  1.3218359820e-14 
 37   5.5650223392e-06  0.0000000000e+00  1.6346759824e-15  6.6055580223e-16  -1.5513591604e-14  1.3218359820e-14 
 38   5.7154283484e-06  0.0000000000e+00  1.6346759824e-15  6.6055580222e-16  -1.5513591604e-14  1.3218359820e-14 
 39   5.8658343576e-06  0.0000000000e+00  1.6346759824e-15  6.6055580223e-16  -1.5513591604e-14  1.3218359820e-14 
 40   6.0162403668e-06  0.0000000000e+00  1.6346759824e-15  6.6055580223e-16  -1.5513591604e-14  1.3218359820e-14 
 41   6.1666463759e-06  0.0000000000e+00  1.6346759824e-15  6.6055580223e-16  -1.5513591604e-14  1.3218359820e-14 
 42   6.3170523851e-06  0.0000000000e+00  1.6346759824e-15  6.6055580223e-16  -1.5513591604e-14  1.3218359820e-14 
 43   6.4674583943e-06  0.0000000000e+00  1.6346759824e-15  6.6055580223e-16  -1.5513591604e-14  1.3218359820e-14 
 44   6.6178644034e-06  0.0000000000e+00  1.6346759824e-15  6.6055580223e-16  -1.5513591604e-14  1.3218359820e-14 
 45   6.7682704126e-06  0.0000000000e+00  1.6346759824e-15  6.6055580223e-16  -1.5513591604e-14  1.3218359820e-14 
 46   6.9186764218e-06  0.0000000000e+00  1.6346759824e-15  6.6055580223e-16  -1.5513591604e-14  1.3218359820e-14 
 47   7.0690824309e-06  0.0000000000e+00  1.6346759824e-15  6.6055580223e-16  -1.5513591604e-14  1.3218359820e-14 
 48   7.2194884401e-06  0.0000000000e+00  1.6346759824e-15  6.6055580223e-16  -1.5513591604e-14  1.3218359820e-14 
 49   7.3698944493e-06  0.0000000000e+00  1.6346759824e-15  6.6055580223e-16  -1.5513591604e-14  1.3218359820e-14 
 50   7.5203004584e-06  0.0000000000e+00  1.6346759824e-15  6.6055580223e-16  -1.5513591604e-14  1.3218359820e-14 
 51   7.6707064676e-06  0.0000000000e+00  1.6346759824e-15  6.6055580223e-16  -1.5513591604e-14  1.3218359820e-14 
 52   7.8211124768e-06  0.0000000000e+00  1.6346759824e-15  6.6055580223e-16  -1.5513591604e-14  1.3218359820e-14 
 53   7.9715184859e-06  0.0000000000e+00  1.6346759824e-15  6.6055580223e-16  -1.5513591604e-14  1.3218359820e-14 
 54   8.1219244951e-06  0.0000000000e+00  1.6346759824e-15  6.6055580223e-16  -1.5513591604e-14  1.3218359820e-14 
 55   8.2723305043e-06  0.0000000000e+00  1.6346759824e-15  6.6055580223e-16  -1.5513591604e-14  1.3218359820e-14 
 56   8.4227365135e-06  0.0000000000e+00  1.6346759824e-15  6.6055580223e-16  -1.5513591604e-14  1.3218359820e-14 
 57   8.5731425226e-06  0.0000000000e+00  1.6346759824e-15  6.6055580223e-16  -1.5513591604e-14  1.3218359820e-14 
 58   8.7235485318e-06  0.0000000000e+00  1.6346759824e-15  6.6055580223e-16  -1.5513591604e-14  1.3218359820e-14 
 59   8.8739545410e-06  0.0000000000e+00  1.6346759824e-15  6.6055580223e-16  -1.5513591604e-14  1.3218359820e-14 
 60   9.0243605501e-06  0.0000000000e+00  1.6346759824e-15  6.6055580223e-16  -1.5513591604e-14  1.3218359820e-14 
 61   9.1747665593e-06  0.0000000000e+00  1.6346759824e-15  6.6055580223e-16  -1.5513591604e-14  1.3218359820e-14 
 62   9.3251725685e-06  0.0000000000e+00  1.6346759824e-15  6.6055580223e-16  -1.5513591604e-14  1.3218359820e-14 
 63   9.4755785776e-06  0.0000000000e+00  1.6346759824e-15  6.6055580223e-16  -1.5513591604e-14  1.3218359820e-14 
 64   9.6259845868e-06  0.0000000000e+00  1.6346759824e-15  6.6055580223e-16  -1.5513591604e-14  1.3218359820e-14 
 65   9.7763905960e-06  0.0000000000e+00  1.6346759824e-15  6.6055580223e-16  -1.5513591604e-14  1.3218359820e-14 
 66   9.9267966051e-06  0.0000000000e+00  1.6346759824e-15  6.6055580223e-16  -1.5513591604e-14  1.3218359820e-14 
 67   1.0077202614e-05  0.0000000000e+00  1.6346759824e-15  6.6055580223e-16  -1.5513591604e-14  1.3218359820e-14 
 68   1.0227608623e-05  0.0000000000e+00  1.6346759824e-15  6.6055580223e-16  -1.5513591604e-14  1.3218359820e-14 
 69   1.0378014633e-05  0.0000000000e+00  1.6346759824e-15  6.6055580223e-16  -1.5513591604e-14  1.3218359820e-14 
 70   1.0528420642e-05  0.0000000000e+00  1.6346759824e-15  6.6055580223e-16  -1.5513591604e-14  1.3218359820e-14 
 71   1.0678826651e-05  0.0000000000e+00  1.6346759824e-15  6.6055580223e-16  -1.5513591604e-14  1.3218359820e-14 
