-----------------------------------------------------------------------------------
 Eq      N-i            T    dB      Ri/R1      Ri/R0       R/Ri    lsIt   dB   %t
-----------------------------------------------------------------------------------
 NS     11-1    4.169e+02 [   0  1.000e+00  5.494e-02  9.927e-11] [  678 -230    5]
 NS     11-2    4.260e+02 [-129  3.390e-07  1.863e-08  8.683e-11] [  490 -232   75]
 NS     11-3    4.346e+02 [-239  1.105e-12  6.069e-14  1.554e-08] [  448 -180   73]
 NS     12-1    4.470e+02 [   0  1.000e+00  3.209e-02  9.899e-11] [  722 -230   81]
 NS     12-2    4.570e+02 [-129  3.301e-07  1.059e-08  9.894e-11] [  552 -230   77]
 NS     12-3    4.642e+02 [-237  1.401e-12  4.497e-14  1.875e-08] [  349 -178   68]
 NS     13-1    4.756e+02 [   0  1.000e+00  1.849e-02  9.863e-11] [  650 -230   80]
 NS     13-2    4.855e+02 [-129  3.269e-07  6.044e-09  9.773e-11] [  545 -230   77]
 NS     13-3    4.939e+02 [-233  2.076e-12  3.839e-14  2.553e-08] [  434 -175   73]
 NS     14-1    5.062e+02 [   0  1.000e+00  1.053e-02  9.883e-11] [  715 -230   81]
 NS     14-2    5.151e+02 [-129  3.224e-07  3.395e-09  9.539e-11] [  475 -231   75]
 NS     14-3    5.228e+02 [-229  3.460e-12  3.644e-14  2.690e-08] [  389 -174   71]
 NS     15-1    5.347e+02 [   0  1.000e+00  5.936e-03  9.925e-11] [  683 -230   81]
 NS     15-2    5.449e+02 [-129  3.205e-07  1.902e-09  9.755e-11] [  571 -231   78]
 NS     15-3    5.524e+02 [-224  5.992e-12  3.557e-14  2.768e-08] [  372 -174   70]
 NS     16-1    5.709e+02 [   0  1.000e+00  3.316e-03  9.901e-11] [  742 -230   88]
 NS     16-2    5.795e+02 [-129  3.186e-07  1.057e-09  9.600e-11] [  446 -231   73]
 NS     16-3    5.866e+02 [-219  1.071e-11  3.552e-14  2.682e-08] [  348 -174   68]
 NS     17-1    5.980e+02 [   0  1.000e+00  1.838e-03  9.905e-11] [  652 -230   80]
 NS     17-2    6.070e+02 [-129  3.180e-07  5.844e-10  9.619e-11] [  480 -231   75]
 NS     17-3    6.141e+02 [-214  1.917e-11  3.522e-14  2.745e-08] [  338 -174   67]
 NS     18-1    6.255e+02 [   0  1.000e+00  1.011e-03  9.333e-11] [  650 -231   80]
 NS     18-2    6.355e+02 [-129  3.177e-07  3.213e-10  9.376e-11] [  548 -231   77]
 NS     18-3    6.420e+02 [-209  3.471e-11  3.511e-14  2.806e-08] [  301 -174   65]
 NS     19-1    6.544e+02 [   0  1.000e+00  5.529e-04  9.696e-11] [  723 -231   81]
 NS     19-2    6.640e+02 [-129  3.181e-07  1.759e-10  9.876e-11] [  526 -230   76]
 NS     19-3    6.703e+02 [-204  6.282e-11  3.473e-14  2.796e-08] [  282 -174   63]
 NS     20-1    6.826e+02 [   0  1.000e+00  3.005e-04  9.959e-11] [  707 -230   81]
 NS     20-2s   6.914e+02 [-129  3.189e-07  9.584e-11  9.903e-11] [  470 -230   74]
