-----------------------------------------------------------------------------------
 Eq      N-i            T    dB      Ri/R1      Ri/R0       R/Ri    lsIt   dB   %t
-----------------------------------------------------------------------------------
 NS      1-1    6.124e-01 [   0  1.000e+00  1.000e+00  9.826e-11] [   18 -230   54]
 NS      1-2    8.173e-01 [ -71  2.576e-04  2.576e-04  8.823e-12] [   18 -255   68]
 NS      1-3    1.016e+00 [-154  1.977e-08  1.977e-08  4.393e-11] [   17 -238   67]
 NS      1-4    1.216e+00 [-239  1.045e-12  1.045e-12  7.048e-11] [   17 -234   68]
 NS      2-1    1.418e+00 [   0  1.000e+00  2.234e+01  6.912e-11] [   17 -234   68]
 NS      2-2    1.617e+00 [ -90  3.155e-05  7.049e-04  1.884e-11] [   17 -247   67]
 NS      2-3    1.816e+00 [-176  1.492e-09  3.334e-08  5.099e-11] [   17 -237   67]
 NS      2-4    2.014e+00 [-260  9.002e-14  2.011e-12  5.638e-11] [   17 -236   67]
 NS      3-1    2.212e+00 [   0  1.000e+00  2.262e+01  6.345e-11] [   17 -235   67]
 NS      3-2    2.407e+00 [ -91  2.733e-05  6.182e-04  8.826e-11] [   16 -232   66]
 NS      3-3    2.613e+00 [-179  1.030e-09  2.330e-08  1.459e-11] [   18 -250   69]
 NS      3-4    2.814e+00 [-266  4.477e-14  1.013e-12  5.816e-11] [   17 -236   68]
 NS      4-1    3.017e+00 [   0  1.000e+00  1.696e+01  5.984e-11] [   17 -235   68]
 NS      4-2    3.218e+00 [ -89  3.330e-05  5.649e-04  5.919e-11] [   17 -236   68]
 NS      4-3    3.422e+00 [-176  1.546e-09  2.623e-08  1.127e-11] [   18 -252   68]
 NS      4-4    3.626e+00 [-263  6.500e-14  1.102e-12  6.327e-11] [   17 -235   68]
 NS      5-1    3.827e+00 [   0  1.000e+00  9.754e+00  6.875e-11] [   17 -234   68]
 NS      5-2    4.028e+00 [ -90  2.967e-05  2.894e-04  2.775e-11] [   17 -243   68]
 NS      5-3    4.229e+00 [-176  1.510e-09  1.473e-08  9.961e-11] [   17 -230   68]
 NS      5-4    4.430e+00 [-262  7.255e-14  7.077e-13  4.576e-11] [   17 -238   68]
 NS      6-1    4.634e+00 [   0  1.000e+00  6.285e+00  6.805e-11] [   17 -234   68]
 NS      6-2    4.838e+00 [ -87  4.235e-05  2.661e-04  9.004e-11] [   17 -231   68]
 NS      6-3    5.051e+00 [-173  2.194e-09  1.379e-08  1.327e-11] [   18 -250   69]
 NS      6-4    5.253e+00 [-260  9.753e-14  6.129e-13  4.081e-11] [   17 -239   68]
 NS      7-1    5.460e+00 [   0  1.000e+00  2.437e+00  1.387e-11] [   18 -250   69]
 NS      7-2    5.664e+00 [ -88  3.883e-05  9.462e-05  4.856e-11] [   17 -237   68]
 NS      7-3    5.867e+00 [-173  2.101e-09  5.120e-09  8.837e-11] [   17 -231   68]
 NS      7-4    6.068e+00 [-258  1.253e-13  3.054e-13  4.246e-11] [   17 -239   68]
 NS      8-1    6.271e+00 [   0  1.000e+00  2.339e+00  7.861e-11] [   17 -233   68]
 NS      8-2    6.474e+00 [ -86  4.761e-05  1.114e-04  8.502e-11] [   17 -232   68]
 NS      8-3    6.682e+00 [-170  2.944e-09  6.886e-09  1.329e-11] [   18 -250   69]
 NS      8-4    6.885e+00 [-252  2.343e-13  5.481e-13  5.640e-11] [   17 -236   68]
 NS      9-1    7.093e+00 [   0  1.000e+00  6.852e-01  1.937e-11] [   18 -247   69]
 NS      9-2    7.296e+00 [ -86  4.911e-05  3.365e-05  6.160e-11] [   17 -235   68]
 NS      9-3    7.497e+00 [-169  3.243e-09  2.222e-09  3.853e-11] [   17 -240   68]
 NS      9-4    7.699e+00 [-251  2.581e-13  1.768e-13  5.349e-11] [   17 -237   68]
 NS     10-1    7.902e+00 [   0  1.000e+00  1.419e+00  4.934e-11] [   17 -237   68]
 NS     10-2    8.107e+00 [ -88  3.869e-05  5.489e-05  1.143e-11] [   18 -252   68]
 NS     10-3    8.313e+00 [-170  3.103e-09  4.403e-09  1.263e-11] [   18 -251   68]
 NS     10-4s   8.515e+00 [-252  2.381e-13  3.378e-13  4.594e-11] [   17 -238   68]
 NS     11-1    8.764e+00 [   0  1.000e+00  1.069e+00  4.321e-11] [   17 -239   55]
 NS     11-2    8.967e+00 [ -89  3.487e-05  3.729e-05  5.236e-11] [   17 -237   68]
 NS     11-3    9.170e+00 [-170  2.828e-09  3.024e-09  8.020e-11] [   17 -232   68]
 NS     11-4    9.373e+00 [-255  1.719e-13  1.838e-13  4.148e-11] [   17 -239   68]
