-----------------------------------------------------------------------------------
 Eq      N-i            T    dB      Ri/R1      Ri/R0       R/Ri    lsIt   dB   %t
-----------------------------------------------------------------------------------
 NS      1-1    2.741e+01 [   0  1.000e+00  1.000e+00  9.275e-11] [  731 -231   89]
 NS      1-2    3.720e+01 [-104  5.755e-06  5.755e-06  9.802e-11] [  528 -230   77]
 NS      1-3    4.775e+01 [-215  1.627e-11  1.627e-11  9.823e-11] [  545 -230   73]
 NS      2-1    6.031e+01 [   0  1.000e+00  1.132e+00  9.681e-11] [  723 -231   81]
 NS      2-2    7.039e+01 [-111  2.685e-06  3.039e-06  9.851e-11] [  553 -230   77]
 NS      2-3    8.091e+01 [-220  9.081e-12  1.028e-11  9.366e-11] [  589 -231   79]
 NS      3-1    9.256e+01 [   0  1.000e+00  1.261e+00  9.754e-11] [  656 -231   79]
 NS      3-2    1.026e+02 [-118  1.216e-06  1.534e-06  9.998e-11] [  553 -230   77]
 NS      3-3    1.124e+02 [-229  3.485e-12  4.395e-12  2.195e-10] [  529 -222   77]
