-----------------------------------------------------------------------------------
 Eq      N-i            T    dB      Ri/R1      Ri/R0       R/Ri    lsIt   dB   %t
-----------------------------------------------------------------------------------
 NS      1-1    2.704e+01 [   0  1.000e+00  1.000e+00  9.881e-11] [  678 -230   89]
 NS      1-2    3.760e+01 [-104  5.755e-06  5.755e-06  9.873e-11] [  581 -230   78]
 NS      1-3    4.835e+01 [-215  1.627e-11  1.627e-11  9.750e-11] [  582 -231   77]
 NS      2-1    6.705e+01 [   0  1.000e+00  1.132e+00  9.855e-11] [  743 -230   87]
 NS      2-2    7.795e+01 [-111  2.685e-06  3.039e-06  9.981e-11] [  609 -230   79]
 NS      2-3    8.764e+01 [-220  9.081e-12  1.028e-11  9.791e-11] [  518 -230   76]
 NS      3-1    1.069e+02 [   0  1.000e+00  1.261e+00  9.964e-11] [  727 -230   87]
 NS      3-2    1.159e+02 [-118  1.216e-06  1.534e-06  9.934e-11] [  470 -230   73]
 NS      3-3    1.269e+02 [-229  3.485e-12  4.395e-12  2.242e-10] [  615 -222   79]
 NS      4-1    1.451e+02 [   0  1.000e+00  1.093e+00  9.863e-11] [  666 -230   86]
 NS      4-2    1.556e+02 [-122  7.663e-07  8.376e-07  9.713e-11] [  561 -231   76]
 NS      4-3    1.647e+02 [-233  2.208e-12  2.414e-12  4.057e-10] [  489 -216   75]
 NS      5-1    1.823e+02 [   0  1.000e+00  8.300e-01  9.921e-11] [  649 -230   86]
 NS      5-2    1.929e+02 [-125  5.607e-07  4.654e-07  9.729e-11] [  568 -231   75]
 NS      5-3    2.031e+02 [-236  1.551e-12  1.287e-12  7.524e-10] [  534 -210   75]
 NS      6-1    2.204e+02 [   0  1.000e+00  5.818e-01  9.351e-11] [  652 -231   86]
 NS      6-2    2.309e+02 [-126  4.519e-07  2.629e-07  9.901e-11] [  572 -230   77]
 NS      6-3    2.396e+02 [-238  1.242e-12  7.225e-13  1.354e-09] [  436 -204   71]
 NS      7-1    2.587e+02 [   0  1.000e+00  3.864e-01  9.771e-11] [  733 -230   87]
 NS      7-2    2.686e+02 [-127  4.125e-07  1.594e-07  9.799e-11] [  539 -230   76]
 NS      7-3    2.779e+02 [-239  1.090e-12  4.210e-13  2.209e-09] [  483 -199   74]
 NS      8-1    2.967e+02 [   0  1.000e+00  2.467e-01  9.954e-11] [  728 -230   88]
 NS      8-2    3.078e+02 [-128  3.690e-07  9.105e-08  9.753e-11] [  608 -231   78]
 NS      8-3    3.168e+02 [-239  1.020e-12  2.517e-13  3.929e-09] [  474 -194   75]
 NS      9-1    3.363e+02 [   0  1.000e+00  1.529e-01  9.935e-11] [  687 -230   86]
 NS      9-2    3.462e+02 [-128  3.603e-07  5.509e-08  9.810e-11] [  533 -230   76]
 NS      9-3    3.553e+02 [-240  9.961e-13  1.523e-13  6.282e-09] [  469 -189   74]
 NS     10-1    3.732e+02 [   0  1.000e+00  9.254e-02  9.779e-11] [  643 -230   86]
 NS     10-2    3.821e+02 [-129  3.433e-07  3.177e-08  9.909e-11] [  468 -230   74]
 NS     10-3s   3.910e+02 [-239  1.003e-12  9.285e-14  1.039e-08] [  446 -184   71]
 NS     11-1    4.108e+02 [   0  1.000e+00  5.494e-02  9.948e-11] [  748 -230   85]
 NS     11-2    4.206e+02 [-129  3.390e-07  1.863e-08  9.902e-11] [  532 -230   77]
 NS     11-3    4.279e+02 [-239  1.100e-12  6.041e-14  1.620e-08] [  354 -179   69]
 NS     12-1    4.457e+02 [   0  1.000e+00  3.209e-02  8.813e-11] [  649 -232   86]
 NS     12-2    4.542e+02 [-129  3.301e-07  1.059e-08  9.829e-11] [  433 -230   72]
 NS     12-3    4.627e+02 [-237  1.395e-12  4.476e-14  2.150e-08] [  444 -177   73]
 NS     13-1    4.806e+02 [   0  1.000e+00  1.849e-02  9.880e-11] [  684 -230   87]
 NS     13-2    4.915e+02 [-129  3.269e-07  6.044e-09  9.913e-11] [  571 -230   74]
 NS     13-3    4.996e+02 [-233  2.077e-12  3.840e-14  2.574e-08] [  413 -175   72]
 NS     14-1    5.177e+02 [   0  1.000e+00  1.053e-02  9.763e-11] [  673 -230   87]
 NS     14-2    5.282e+02 [-129  3.224e-07  3.395e-09  9.804e-11] [  575 -230   78]
 NS     14-3    5.354e+02 [-229  3.439e-12  3.621e-14  2.700e-08] [  330 -174   65]
 NS     15-1    5.532e+02 [   0  1.000e+00  5.936e-03  9.456e-11] [  647 -231   86]
 NS     15-2    5.633e+02 [-129  3.205e-07  1.902e-09  9.047e-11] [  551 -231   77]
 NS     15-3    5.707e+02 [-224  5.940e-12  3.526e-14  2.778e-08] [  355 -174   67]
 NS     16-1    5.897e+02 [   0  1.000e+00  3.316e-03  9.846e-11] [  709 -230   86]
 NS     16-2    5.993e+02 [-129  3.186e-07  1.057e-09  9.294e-11] [  502 -231   74]
 NS     16-3    6.067e+02 [-219  1.068e-11  3.541e-14  2.708e-08] [  354 -174   68]
 NS     17-1    6.250e+02 [   0  1.000e+00  1.838e-03  9.875e-11] [  655 -230   85]
 NS     17-2    6.354e+02 [-129  3.180e-07  5.844e-10  9.861e-11] [  573 -230   78]
 NS     17-3    6.417e+02 [-214  1.931e-11  3.549e-14  2.792e-08] [  284 -174   64]
 NS     18-1    6.598e+02 [   0  1.000e+00  1.011e-03  9.738e-11] [  677 -231   86]
 NS     18-2    6.700e+02 [-129  3.177e-07  3.213e-10  9.518e-11] [  557 -231   77]
 NS     18-3    6.772e+02 [-209  3.442e-11  3.481e-14  2.821e-08] [  350 -174   68]
 NS     19-1    6.957e+02 [   0  1.000e+00  5.529e-04  9.884e-11] [  715 -230   87]
 NS     19-2    7.048e+02 [-129  3.181e-07  1.759e-10  9.991e-11] [  485 -230   75]
 NS     19-3    7.118e+02 [-203  6.389e-11  3.532e-14  2.783e-08] [  333 -174   67]
 NS     20-1    7.295e+02 [   0  1.000e+00  3.005e-04  9.968e-11] [  676 -230   87]
 NS     20-2s   7.396e+02 [-129  3.189e-07  9.584e-11  9.532e-11] [  550 -231   77]
 NS     21-1    7.584e+02 [   0  1.000e+00  1.624e-04  9.995e-11] [  705 -230   84]
 NS     21-2    7.675e+02 [-129  3.202e-07  5.201e-11  9.834e-11] [  488 -230   75]
 NS     22-1    7.851e+02 [   0  1.000e+00  8.739e-05  9.637e-11] [  670 -231   87]
 NS     22-2    7.961e+02 [-129  3.218e-07  2.812e-11  9.885e-11] [  622 -230   79]
 NS     23-1    8.130e+02 [   0  1.000e+00  4.679e-05  9.819e-11] [  626 -230   86]
 NS     23-2    8.231e+02 [-129  3.237e-07  1.515e-11  9.833e-11] [  559 -230   78]
 NS     24-1    8.402e+02 [   0  1.000e+00  2.495e-05  9.649e-11] [  641 -231   86]
 NS     24-2    8.497e+02 [-129  3.259e-07  8.132e-12  1.147e-10] [  507 -229   76]
 NS     25-1    8.676e+02 [   0  1.000e+00  1.325e-05  9.889e-11] [  691 -230   87]
 NS     25-2    8.780e+02 [-129  3.285e-07  4.353e-12  2.276e-10] [  563 -222   76]
 NS     26-1    8.960e+02 [   0  1.000e+00  7.012e-06  9.219e-11] [  650 -231   86]
 NS     26-2    9.063e+02 [-129  3.313e-07  2.323e-12  4.140e-10] [  551 -216   76]
 NS     27-1    9.260e+02 [   0  1.000e+00  3.697e-06  9.877e-11] [  685 -230   87]
 NS     27-2    9.354e+02 [-129  3.345e-07  1.237e-12  7.649e-10] [  487 -210   73]
 NS     28-1    9.525e+02 [   0  1.000e+00  1.943e-06  9.689e-11] [  625 -231   86]
 NS     28-2    9.616e+02 [-129  3.382e-07  6.572e-13  1.483e-09] [  477 -203   75]
 NS     29-1    9.793e+02 [   0  1.000e+00  1.018e-06  9.577e-11] [  664 -231   87]
 NS     29-2    9.874e+02 [-129  3.430e-07  3.492e-13  2.836e-09] [  401 -197   70]
 NS     30-1    1.005e+03 [   0  1.000e+00  5.319e-07  9.954e-11] [  626 -230   86]
 NS     30-2s   1.014e+03 [-129  3.509e-07  1.866e-13  4.856e-09] [  441 -191   70]
 NS     31-1    1.032e+03 [   0  1.000e+00  2.771e-07  9.697e-11] [  655 -231   83]
 NS     31-2    1.041e+03 [-128  3.685e-07  1.021e-13  9.343e-09] [  423 -185   72]
 NS     32-1    1.059e+03 [   0  1.000e+00  1.439e-07  9.803e-11] [  677 -230   86]
 NS     32-2    1.067e+03 [-127  4.195e-07  6.038e-14  1.379e-08] [  385 -181   70]
 NS     33-1    1.084e+03 [   0  1.000e+00  7.459e-08  9.966e-11] [  611 -230   86]
 NS     33-2    1.091e+03 [-125  5.598e-07  4.176e-14  2.211e-08] [  323 -176   65]
 NS     34-1    1.110e+03 [   0  1.000e+00  3.856e-08  9.892e-11] [  722 -230   86]
 NS     34-2    1.117e+03 [-120  9.014e-07  3.476e-14  2.821e-08] [  343 -174   68]
 NS     35-1    1.136e+03 [   0  1.000e+00  1.989e-08  9.754e-11] [  711 -231   87]
 NS     35-2    1.144e+03 [-115  1.651e-06  3.283e-14  3.007e-08] [  363 -173   68]
 NS     36-1    1.161e+03 [   0  1.000e+00  1.023e-08  9.764e-11] [  605 -230   85]
 NS     36-2    1.168e+03 [-110  3.139e-06  3.212e-14  2.873e-08] [  355 -174   69]
 NS     37-1    1.187e+03 [   0  1.000e+00  5.253e-09  9.984e-11] [  747 -230   87]
 NS     37-2    1.195e+03 [-104  6.135e-06  3.223e-14  3.067e-08] [  343 -173   66]
 NS     38-1    1.213e+03 [   0  1.000e+00  2.691e-09  9.901e-11] [  712 -230   87]
 NS     38-2    1.219e+03 [ -98  1.188e-05  3.196e-14  3.085e-08] [  261 -173   62]
 NS     39-1    1.238e+03 [   0  1.000e+00  1.376e-09  9.209e-11] [  663 -231   87]
 NS     39-2    1.245e+03 [ -92  2.340e-05  3.220e-14  2.997e-08] [  329 -173   66]
 NS     40-1    1.263e+03 [   0  1.000e+00  7.022e-10  9.722e-11] [  725 -231   87]
 NS     40-2s   1.269e+03 [ -86  4.580e-05  3.216e-14  3.049e-08] [  238 -173   57]
 NS     41-1    1.288e+03 [   0  1.000e+00  3.576e-10  9.770e-11] [  664 -230   83]
 NS     41-2    1.296e+03 [ -80  8.929e-05  3.193e-14  3.075e-08] [  371 -173   68]
 NS     42-1    1.314e+03 [   0  1.000e+00  1.818e-10  9.992e-11] [  670 -230   86]
 NS     42-2    1.322e+03 [ -75  1.760e-04  3.200e-14  3.086e-08] [  372 -173   70]
 NS     43-1    1.341e+03 [   0  1.000e+00  9.226e-11  9.915e-11] [  709 -230   87]
 NS     43-2    1.348e+03 [ -69  3.474e-04  3.205e-14  3.093e-08] [  359 -173   69]
 NS     44-1    1.366e+03 [   0  1.000e+00  4.673e-11  9.906e-11] [  720 -230   87]
 NS     44-2    1.373e+03 [ -63  6.811e-04  3.183e-14  2.997e-08] [  341 -173   68]
 NS     45-1    1.391e+03 [   0  1.000e+00  2.363e-11  9.664e-11] [  646 -231   85]
 NS     45-2    1.399e+03 [ -57  1.335e-03  3.154e-14  3.000e-08] [  355 -173   67]
 NS     46-1    1.417e+03 [   0  1.000e+00  1.193e-11  9.922e-11] [  676 -230   86]
 NS     46-2    1.425e+03 [ -51  2.663e-03  3.177e-14  3.103e-08] [  370 -173   69]
 NS     47-1    1.444e+03 [   0  1.000e+00  6.014e-12  1.648e-10] [  704 -225   86]
 NS     47-2    1.451e+03 [ -45  5.214e-03  3.136e-14  3.141e-08] [  345 -173   67]
 NS     48-1    1.469e+03 [   0  1.000e+00  3.027e-12  3.029e-10] [  660 -219   87]
 NS     48-2    1.477e+03 [ -39  1.028e-02  3.112e-14  3.150e-08] [  379 -173   70]
 NS     49-1    1.495e+03 [   0  1.000e+00  1.522e-12  6.344e-10] [  657 -212   87]
 NS     49-2    1.500e+03 [ -33  2.055e-02  3.127e-14  2.989e-08] [  215 -173   57]
 NS     50-1    1.518e+03 [   0  1.000e+00  7.645e-13  1.240e-09] [  650 -205   87]
 NS     50-2s   1.525e+03 [ -27  4.105e-02  3.139e-14  3.117e-08] [  355 -173   68]
 NS     51-1    1.542e+03 [   0  1.000e+00  3.853e-13  2.492e-09] [  523 -198   81]
 NS     51-2    1.549e+03 [ -21  8.030e-02  3.094e-14  3.178e-08] [  333 -173   68]
 NS     52-1    1.565e+03 [   0  1.000e+00  1.974e-13  5.020e-09] [  555 -191   85]
 NS     52-2    1.572e+03 [ -16  1.570e-01  3.100e-14  3.151e-08] [  349 -173   68]
 NS     53-1    1.589e+03 [   0  1.000e+00  1.079e-13  8.818e-09] [  543 -185   84]
 NS     53-2    1.595e+03 [ -10  2.885e-01  3.112e-14  3.124e-08] [  235 -173   56]
 NS     54-1    1.611e+03 [   0  1.000e+00  6.774e-14  1.440e-08] [  531 -181   85]
 NS     54-2    1.617e+03 [  -6  4.588e-01  3.108e-14  3.141e-08] [  209 -173   54]
 NS     55-1    1.632e+03 [   0  1.000e+00  5.378e-14  1.803e-08] [  482 -178   84]
 NS     55-2    1.639e+03 [  -4  5.754e-01  3.095e-14  3.153e-08] [  360 -173   66]
 NS     56-1    1.654e+03 [   0  1.000e+00  4.910e-14  1.935e-08] [  471 -178   84]
 NS     56-2    1.662e+03 [  -3  6.363e-01  3.124e-14  3.132e-08] [  365 -173   69]
 NS     57-1    1.677e+03 [   0  1.000e+00  4.848e-14  1.979e-08] [  456 -177   84]
 NS     57-2    1.684e+03 [  -3  6.457e-01  3.130e-14  3.082e-08] [  332 -173   68]
 NS     58-1    1.699e+03 [   0  1.000e+00  4.906e-14  1.971e-08] [  409 -177   82]
 NS     58-2    1.706e+03 [  -4  6.302e-01  3.092e-14  3.125e-08] [  323 -173   66]
 NS     59-1    1.721e+03 [   0  1.000e+00  4.701e-14  1.968e-08] [  448 -177   83]
 NS     59-2    1.728e+03 [  -3  6.678e-01  3.139e-14  3.082e-08] [  332 -173   67]
 NS     60-1    1.743e+03 [   0  1.000e+00  4.732e-14  1.956e-08] [  358 -177   82]
 NS     60-2s   1.749e+03 [  -3  6.568e-01  3.108e-14  3.107e-08] [  249 -173   59]
 NS     61-1    1.763e+03 [   0  1.000e+00  4.890e-14  1.966e-08] [  359 -177   78]
 NS     61-2    1.770e+03 [  -3  6.346e-01  3.103e-14  3.174e-08] [  312 -173   64]
 NS     62-1    1.783e+03 [   0  1.000e+00  4.947e-14  1.942e-08] [  365 -178   83]
 NS     62-2    1.791e+03 [  -4  6.265e-01  3.099e-14  3.145e-08] [  353 -173   67]
 NS     63-1    1.804e+03 [   0  1.000e+00  4.998e-14  1.957e-08] [  342 -177   82]
 NS     63-2    1.811e+03 [  -4  6.231e-01  3.115e-14  3.165e-08] [  305 -173   65]
 NS     64-1    1.824e+03 [   0  1.000e+00  4.729e-14  2.073e-08] [  356 -177   81]
 NS     64-2    1.831e+03 [  -3  6.542e-01  3.094e-14  3.043e-08] [  287 -173   64]
 NS     65-1    1.844e+03 [   0  1.000e+00  4.718e-14  2.093e-08] [  362 -177   82]
 NS     65-2    1.851e+03 [  -3  6.545e-01  3.088e-14  3.208e-08] [  323 -173   67]
 NS     66-1    1.864e+03 [   0  1.000e+00  5.008e-14  1.976e-08] [  322 -177   82]
 NS     66-2    1.871e+03 [  -4  6.144e-01  3.077e-14  3.210e-08] [  352 -173   69]
 NS     67-1    1.885e+03 [   0  1.000e+00  4.749e-14  2.061e-08] [  320 -177   81]
 NS     67-2    1.891e+03 [  -3  6.426e-01  3.052e-14  3.242e-08] [  285 -172   61]
 NS     68-1    1.904e+03 [   0  1.000e+00  4.838e-14  1.997e-08] [  315 -177   81]
 NS     68-2    1.912e+03 [  -3  6.437e-01  3.114e-14  3.153e-08] [  345 -173   66]
 NS     69-1    1.924e+03 [   0  1.000e+00  4.661e-14  1.981e-08] [  255 -177   80]
 NS     69-2    1.932e+03 [  -3  6.419e-01  2.992e-14  3.223e-08] [  352 -173   66]
 NS     70-1    1.946e+03 [   0  1.000e+00  4.751e-14  2.049e-08] [  333 -177   81]
 NS     70-2s   1.951e+03 [  -3  6.542e-01  3.109e-14  3.187e-08] [  247 -173   60]
 NS     71-1    1.964e+03 [   0  1.000e+00  4.811e-14  1.993e-08] [  240 -177   75]
 NS     71-2    1.971e+03 [  -4  6.230e-01  2.997e-14  3.220e-08] [  287 -173   64]
 NS     72-1    1.984e+03 [   0  1.000e+00  4.789e-14  2.064e-08] [  305 -177   79]
 NS     72-2    1.991e+03 [  -3  6.322e-01  3.028e-14  3.190e-08] [  285 -173   60]
