-----------------------------------------------------------------------------------
 Eq      N-i            T    dB      Ri/R1      Ri/R0       R/Ri    lsIt   dB   %t
-----------------------------------------------------------------------------------
 NS     61-1    2.296e+03 [   0  1.000e+00  4.754e-14  2.000e-08] [  320 -177    1]
 NS     61-2    2.303e+03 [  -3  6.505e-01  3.092e-14  3.170e-08] [  332 -173   67]
 NS     62-1    2.311e+03 [   0  1.000e+00  4.656e-14  2.008e-08] [  348 -177   68]
 NS     62-2    2.318e+03 [  -3  6.678e-01  3.109e-14  3.021e-08] [  350 -173   69]
 NS     63-1    2.324e+03 [   0  1.000e+00  4.796e-14  2.042e-08] [  289 -177   63]
 NS     63-2    2.333e+03 [  -3  6.528e-01  3.131e-14  3.130e-08] [  421 -173   70]
 NS     64-1    2.341e+03 [   0  1.000e+00  4.872e-14  1.946e-08] [  405 -178   70]
 NS     64-2    2.348e+03 [  -3  6.372e-01  3.105e-14  3.188e-08] [  320 -173   66]
 NS     65-1    2.355e+03 [   0  1.000e+00  4.878e-14  2.000e-08] [  337 -177   67]
 NS     65-2    2.362e+03 [  -3  6.429e-01  3.136e-14  3.148e-08] [  326 -173   67]
 NS     66-1    2.376e+03 [   0  1.000e+00  5.003e-14  1.967e-08] [  387 -177   84]
 NS     66-2    2.384e+03 [  -3  6.403e-01  3.203e-14  2.997e-08] [  354 -173   67]
 NS     67-1    2.391e+03 [   0  1.000e+00  5.038e-14  1.963e-08] [  380 -177   69]
 NS     67-2    2.399e+03 [  -4  6.202e-01  3.124e-14  3.147e-08] [  351 -173   69]
 NS     68-1    2.406e+03 [   0  1.000e+00  4.961e-14  1.926e-08] [  334 -178   67]
 NS     68-2    2.412e+03 [  -3  6.317e-01  3.134e-14  3.150e-08] [  306 -173   65]
 NS     69-1    2.420e+03 [   0  1.000e+00  4.768e-14  2.051e-08] [  367 -177   66]
 NS     69-2    2.427e+03 [  -3  6.452e-01  3.076e-14  3.200e-08] [  297 -173   64]
 NS     70-1    2.435e+03 [   0  1.000e+00  4.655e-14  2.125e-08] [  385 -177   70]
 NS     70-2s   2.442e+03 [  -3  6.661e-01  3.101e-14  3.121e-08] [  352 -173   68]
