# svMultiPhysics boundary integral results file. 
# Quantities represent averaged scalar or flux values over each mesh face.
#        
# Format 
# ------ 
# face areas: [list of mesh face areas]  
# step time [list of mesh face names] 
# [time step] [time] [list of computed values for each mesh face]
face areas:  1.167e-03  1.222e-06  1.057e-06  1.113e-06  1.207e-06 
step   time   WALL  OUTLET_03  OUTLET_01  INLET  OUTLET_02 
 1   1.0000000000e-02  4.4579375047e+03  2.7377908891e+01  8.3938807773e+02  1.5472058340e+04  1.5481445146e+00 
 2   2.0000000000e-02  -3.1687697651e+03  1.2761036906e+01  4.1639479751e+02  -1.1951598404e+04  -5.1237644752e-03 
 3   3.0000000000e-02  4.3470472537e+03  2.0724223352e+01  6.2946841562e+02  1.5317886613e+04  1.3679080841e+00 
 4   4.0000000000e-02  -1.7154124827e+03  1.6389997849e+01  5.2187623844e+02  -6.7337274266e+03  3.7819656011e-01 
 5   5.0000000000e-02  2.6769760518e+03  1.8804229642e+01  5.7625199223e+02  9.2598784813e+03  1.1000284518e+00 
 6   6.0000000000e-02  -2.9513225918e+02  1.7460118523e+01  5.4867678626e+02  -1.5676389240e+03  6.2191025190e-01 
 7   7.0000000000e-02  1.6176080114e+03  1.8218494698e+01  5.6267811674e+02  5.4043133237e+03  9.4064430496e-01 
 8   8.0000000000e-02  4.3318869281e+02  1.7792614015e+01  5.5554402799e+02  1.0859721442e+03  7.4125791449e-01 
 9   9.0000000000e-02  1.1443371616e+03  1.8033085626e+01  5.5918217639e+02  3.6791922467e+03  8.6678539675e-01 
 10   1.0000000000e-01  7.2783514035e+02  1.7897987001e+01  5.5732037347e+02  2.1605427600e+03  7.9123119135e-01 
 11   1.1000000000e-01  9.6675274616e+02  1.7973963562e+01  5.5827375960e+02  3.0316221348e+03  8.3703237328e-01 
 12   1.2000000000e-01  8.3209529862e+02  1.7931429756e+01  5.5778389386e+02  2.5407304509e+03  8.1023981910e-01 
 13   1.3000000000e-01  9.0682468507e+02  1.7955192335e+01  5.5803566149e+02  2.8131467240e+03  8.2603741402e-01 
 14   1.4000000000e-01  8.6591674775e+02  1.7941966088e+01  5.5790586480e+02  2.6640336620e+03  8.1699808018e-01 
 15   1.5000000000e-01  8.8803238504e+02  1.7949293239e+01  5.5797277739e+02  2.7446466370e+03  8.2221681201e-01 
 16   1.6000000000e-01  8.7621129697e+02  1.7945244773e+01  5.5793818161e+02  2.7015595930e+03  8.1928151899e-01 
 17   1.7000000000e-01  8.8246341872e+02  1.7947467980e+01  5.5795606330e+02  2.7243488802e+03  8.2095069766e-01 
 18   1.8000000000e-01  8.7918869255e+02  1.7946247728e+01  5.5794679600e+02  2.7124126783e+03  8.2002369764e-01 
 19   1.9000000000e-01  8.8088822769e+02  1.7946912667e+01  5.5795159583e+02  2.7186074308e+03  8.2054434237e-01 
 20   2.0000000000e-01  8.8001378922e+02  1.7946549841e+01  5.5794910410e+02  2.7154202581e+03  8.2025900874e-01 
 21   2.1000000000e-01  8.8045994532e+02  1.7946746107e+01  5.5795039611e+02  2.7170465101e+03  8.2041721298e-01 
 22   2.2000000000e-01  8.8023411852e+02  1.7946639593e+01  5.5794972504e+02  2.7162233181e+03  8.2033150485e-01 
 23   2.3000000000e-01  8.8034754733e+02  1.7946696821e+01  5.5795007301e+02  2.7166368372e+03  8.2037868401e-01 
 24   2.4000000000e-01  8.8029097629e+02  1.7946665894e+01  5.5794989230e+02  2.7164306170e+03  8.2035328051e-01 
 25   2.5000000000e-01  8.8031900520e+02  1.7946682420e+01  5.5794998600e+02  2.7165327619e+03  8.2036719312e-01 
 26   2.6000000000e-01  8.8030520227e+02  1.7946673518e+01  5.5794993734e+02  2.7164824929e+03  8.2035976758e-01 
 27   2.7000000000e-01  8.8031195649e+02  1.7946678244e+01  5.5794996256e+02  2.7165070745e+03  8.2036379958e-01 
 28   2.8000000000e-01  8.8030867453e+02  1.7946675713e+01  5.5794994948e+02  2.7164951353e+03  8.2036166932e-01 
 29   2.9000000000e-01  8.8031025684e+02  1.7946677044e+01  5.5794995625e+02  2.7165008926e+03  8.2036282081e-01 
 30   3.0000000000e-01  8.8030949950e+02  1.7946676335e+01  5.5794995274e+02  2.7164981358e+03  8.2036221456e-01 
 31   3.1000000000e-01  8.8030986008e+02  1.7946676706e+01  5.5794995455e+02  2.7164994484e+03  8.2036254257e-01 
 32   3.2000000000e-01  8.8030968881e+02  1.7946676508e+01  5.5794995361e+02  2.7164988257e+03  8.2036237097e-01 
 33   3.3000000000e-01  8.8030977002e+02  1.7946676611e+01  5.5794995410e+02  2.7164991204e+03  8.2036246293e-01 
 34   3.4000000000e-01  8.8030973170e+02  1.7946676556e+01  5.5794995385e+02  2.7164989815e+03  8.2036241563e-01 
 35   3.5000000000e-01  8.8030974957e+02  1.7946676585e+01  5.5794995398e+02  2.7164990464e+03  8.2036244088e-01 
 36   3.6000000000e-01  8.8030974137e+02  1.7946676569e+01  5.5794995391e+02  2.7164990165e+03  8.2036242783e-01 
 37   3.7000000000e-01  8.8030974509e+02  1.7946676577e+01  5.5794995395e+02  2.7164990301e+03  8.2036243492e-01 
 38   3.8000000000e-01  8.8030974339e+02  1.7946676573e+01  5.5794995393e+02  2.7164990240e+03  8.2036243124e-01 
 39   3.9000000000e-01  8.8030974419e+02  1.7946676575e+01  5.5794995394e+02  2.7164990268e+03  8.2036243324e-01 
 40   4.0000000000e-01  8.8030974380e+02  1.7946676574e+01  5.5794995393e+02  2.7164990254e+03  8.2036243222e-01 
 41   4.1000000000e-01  8.8030974399e+02  1.7946676575e+01  5.5794995394e+02  2.7164990261e+03  8.2036243276e-01 
 42   4.2000000000e-01  8.8030974390e+02  1.7946676574e+01  5.5794995393e+02  2.7164990258e+03  8.2036243250e-01 
 43   4.3000000000e-01  8.8030974394e+02  1.7946676575e+01  5.5794995394e+02  2.7164990259e+03  8.2036243263e-01 
 44   4.4000000000e-01  8.8030974393e+02  1.7946676574e+01  5.5794995393e+02  2.7164990259e+03  8.2036243257e-01 
 45   4.5000000000e-01  8.8030974393e+02  1.7946676575e+01  5.5794995393e+02  2.7164990259e+03  8.2036243261e-01 
 46   4.6000000000e-01  8.8030974393e+02  1.7946676575e+01  5.5794995393e+02  2.7164990259e+03  8.2036243258e-01 
 47   4.7000000000e-01  8.8030974393e+02  1.7946676575e+01  5.5794995393e+02  2.7164990259e+03  8.2036243260e-01 
 48   4.8000000000e-01  8.8030974393e+02  1.7946676575e+01  5.5794995393e+02  2.7164990259e+03  8.2036243259e-01 
 49   4.9000000000e-01  8.8030974393e+02  1.7946676575e+01  5.5794995393e+02  2.7164990259e+03  8.2036243259e-01 
 50   5.0000000000e-01  8.8030974393e+02  1.7946676575e+01  5.5794995393e+02  2.7164990259e+03  8.2036243259e-01 
 51   5.1000000000e-01  8.8030974393e+02  1.7946676575e+01  5.5794995393e+02  2.7164990259e+03  8.2036243260e-01 
 52   5.2000000000e-01  8.8030974393e+02  1.7946676575e+01  5.5794995393e+02  2.7164990259e+03  8.2036243259e-01 
 53   5.3000000000e-01  8.8030974393e+02  1.7946676575e+01  5.5794995393e+02  2.7164990259e+03  8.2036243260e-01 
 54   5.4000000000e-01  8.8030974393e+02  1.7946676575e+01  5.5794995393e+02  2.7164990259e+03  8.2036243259e-01 
 55   5.5000000000e-01  8.8030974393e+02  1.7946676575e+01  5.5794995393e+02  2.7164990259e+03  8.2036243259e-01 
 56   5.6000000000e-01  8.8030974393e+02  1.7946676575e+01  5.5794995393e+02  2.7164990259e+03  8.2036243259e-01 
 57   5.7000000000e-01  8.8030974393e+02  1.7946676575e+01  5.5794995393e+02  2.7164990259e+03  8.2036243259e-01 
 58   5.8000000000e-01  8.8030974393e+02  1.7946676575e+01  5.5794995393e+02  2.7164990259e+03  8.2036243259e-01 
 59   5.9000000000e-01  8.8030974393e+02  1.7946676575e+01  5.5794995393e+02  2.7164990259e+03  8.2036243259e-01 
 60   6.0000000000e-01  8.8030974393e+02  1.7946676575e+01  5.5794995393e+02  2.7164990259e+03  8.2036243259e-01 
 61   6.1000000000e-01  8.8030974393e+02  1.7946676575e+01  5.5794995393e+02  2.7164990259e+03  8.2036243259e-01 
 62   6.2000000000e-01  8.8030974393e+02  1.7946676575e+01  5.5794995393e+02  2.7164990259e+03  8.2036243259e-01 
 63   6.3000000000e-01  8.8030974393e+02  1.7946676575e+01  5.5794995393e+02  2.7164990259e+03  8.2036243259e-01 
 64   6.4000000000e-01  8.8030974393e+02  1.7946676575e+01  5.5794995393e+02  2.7164990259e+03  8.2036243259e-01 
 65   6.5000000000e-01  8.8030974393e+02  1.7946676575e+01  5.5794995393e+02  2.7164990259e+03  8.2036243259e-01 
 66   6.6000000000e-01  8.8030974393e+02  1.7946676575e+01  5.5794995393e+02  2.7164990259e+03  8.2036243259e-01 
 67   6.7000000000e-01  8.8030974393e+02  1.7946676575e+01  5.5794995393e+02  2.7164990259e+03  8.2036243259e-01 
 68   6.8000000000e-01  8.8030974393e+02  1.7946676575e+01  5.5794995393e+02  2.7164990259e+03  8.2036243259e-01 
 69   6.9000000000e-01  8.8030974393e+02  1.7946676575e+01  5.5794995393e+02  2.7164990259e+03  8.2036243259e-01 
 70   7.0000000000e-01  8.8030974393e+02  1.7946676575e+01  5.5794995393e+02  2.7164990259e+03  8.2036243259e-01 
 71   7.1000000000e-01  8.8030974393e+02  1.7946676575e+01  5.5794995393e+02  2.7164990259e+03  8.2036243259e-01 
 72   7.2000000000e-01  8.8030974393e+02  1.7946676575e+01  5.5794995393e+02  2.7164990259e+03  8.2036243259e-01 
 73   7.3000000000e-01  8.8030974393e+02  1.7946676575e+01  5.5794995393e+02  2.7164990259e+03  8.2036243259e-01 
 74   7.4000000000e-01  8.8030974393e+02  1.7946676575e+01  5.5794995393e+02  2.7164990259e+03  8.2036243259e-01 
 75   7.5000000000e-01  8.8030974393e+02  1.7946676575e+01  5.5794995393e+02  2.7164990259e+03  8.2036243259e-01 
 76   7.6000000000e-01  8.8030974393e+02  1.7946676575e+01  5.5794995393e+02  2.7164990259e+03  8.2036243259e-01 
 77   7.7000000000e-01  8.8030974393e+02  1.7946676575e+01  5.5794995393e+02  2.7164990259e+03  8.2036243259e-01 
 78   7.8000000000e-01  8.8030974393e+02  1.7946676575e+01  5.5794995393e+02  2.7164990259e+03  8.2036243259e-01 
 79   7.9000000000e-01  8.8030974393e+02  1.7946676575e+01  5.5794995393e+02  2.7164990259e+03  8.2036243259e-01 
 80   8.0000000000e-01  8.8030974393e+02  1.7946676575e+01  5.5794995393e+02  2.7164990259e+03  8.2036243259e-01 
 81   8.1000000000e-01  8.8030974393e+02  1.7946676575e+01  5.5794995393e+02  2.7164990259e+03  8.2036243259e-01 
