# svMultiPhysics boundary integral results file. 
# Quantities represent averaged scalar or flux values over each mesh face.
#        
# Format 
# ------ 
# face areas: [list of mesh face areas]  
# step time [list of mesh face names] 
# [time step] [time] [list of computed values for each mesh face]
face areas:  1.167e-03  1.222e-06  1.057e-06  1.113e-06  1.207e-06 
step   time   WALL  OUTLET_03  OUTLET_01  INLET  OUTLET_02 
 1   1.0000000000e-02  0.0000000000e+00  1.1737717738e-07  2.2205046583e-07  -3.0000000000e-07  1.1057235680e-07 
 2   2.0000000000e-02  0.0000000000e+00  7.3834814414e-08  7.9068590412e-08  -3.0000000000e-07  7.2096595174e-08 
 3   3.0000000000e-02  0.0000000000e+00  1.0439792771e-07  1.3155105095e-07  -3.0000000000e-07  1.0155102134e-07 
 4   4.0000000000e-02  0.0000000000e+00  9.3656651626e-08  9.5133330358e-08  -3.0000000000e-07  9.2460018015e-08 
 5   5.0000000000e-02  0.0000000000e+00  1.0119470832e-07  1.0815558059e-07  -3.0000000000e-07  1.0002471108e-07 
 6   6.0000000000e-02  0.0000000000e+00  9.8496940824e-08  9.8911041235e-08  -3.0000000000e-07  9.7904517942e-08 
 7   7.0000000000e-02  0.0000000000e+00  1.0036204568e-07  1.0210056707e-07  -3.0000000000e-07  9.9881137246e-08 
 8   8.0000000000e-02  0.0000000000e+00  9.9674636619e-08  9.9758585637e-08  -3.0000000000e-07  9.9394902744e-08 
 9   9.0000000000e-02  0.0000000000e+00  1.0012828777e-07  1.0054503019e-07  -3.0000000000e-07  9.9912619544e-08 
 10   1.0000000000e-01  0.0000000000e+00  9.9953389538e-08  9.9944787697e-08  -3.0000000000e-07  9.9808854015e-08 
 11   1.1000000000e-01  0.0000000000e+00  1.0005989785e-07  1.0014335971e-07  -3.0000000000e-07  9.9943226822e-08 
 12   1.2000000000e-01  0.0000000000e+00  1.0001530942e-07  9.9988353933e-08  -3.0000000000e-07  9.9923094457e-08 
 13   1.3000000000e-01  0.0000000000e+00  1.0004033305e-07  1.0003705292e-07  -3.0000000000e-07  9.9959235127e-08 
 14   1.4000000000e-01  0.0000000000e+00  1.0002818480e-07  9.9998022209e-08  -3.0000000000e-07  9.9955482444e-08 
 15   1.5000000000e-01  0.0000000000e+00  1.0003398094e-07  1.0000982913e-07  -3.0000000000e-07  9.9965345203e-08 
 16   1.6000000000e-01  0.0000000000e+00  1.0003065798e-07  9.9999872287e-08  -3.0000000000e-07  9.9964892095e-08 
 17   1.7000000000e-01  0.0000000000e+00  1.0003192082e-07  1.0000273772e-07  -3.0000000000e-07  9.9967630279e-08 
 18   1.8000000000e-01  0.0000000000e+00  1.0003098563e-07  1.0000022064e-07  -3.0000000000e-07  9.9967649323e-08 
 19   1.9000000000e-01  0.0000000000e+00  1.0003123664e-07  1.0000092324e-07  -3.0000000000e-07  9.9968412319e-08 
 20   2.0000000000e-01  0.0000000000e+00  1.0003097305e-07  1.0000025947e-07  -3.0000000000e-07  9.9968481376e-08 
 21   2.1000000000e-01  0.0000000000e+00  1.0003100967e-07  1.0000044553e-07  -3.0000000000e-07  9.9968687847e-08 
 22   2.2000000000e-01  0.0000000000e+00  1.0003093470e-07  1.0000027177e-07  -3.0000000000e-07  9.9968722002e-08 
 23   2.3000000000e-01  0.0000000000e+00  1.0003093615e-07  1.0000031418e-07  -3.0000000000e-07  9.9968785439e-08 
 24   2.4000000000e-01  0.0000000000e+00  1.0003091234e-07  1.0000027380e-07  -3.0000000000e-07  9.9968795988e-08 
 25   2.5000000000e-01  0.0000000000e+00  1.0003091159e-07  1.0000028151e-07  -3.0000000000e-07  9.9968815838e-08 
 26   2.6000000000e-01  0.0000000000e+00  1.0003090366e-07  1.0000027168e-07  -3.0000000000e-07  9.9968820194e-08 
 27   2.7000000000e-01  0.0000000000e+00  1.0003090265e-07  1.0000027411e-07  -3.0000000000e-07  9.9968825472e-08 
 28   2.8000000000e-01  0.0000000000e+00  1.0003090047e-07  1.0000027087e-07  -3.0000000000e-07  9.9968827541e-08 
 29   2.9000000000e-01  0.0000000000e+00  1.0003089979e-07  1.0000027173e-07  -3.0000000000e-07  9.9968829039e-08 
 30   3.0000000000e-01  0.0000000000e+00  1.0003089912e-07  1.0000027101e-07  -3.0000000000e-07  9.9968829598e-08 
 31   3.1000000000e-01  0.0000000000e+00  1.0003089891e-07  1.0000027102e-07  -3.0000000000e-07  9.9968830218e-08 
 32   3.2000000000e-01  0.0000000000e+00  1.0003089865e-07  1.0000027092e-07  -3.0000000000e-07  9.9968830358e-08 
 33   3.3000000000e-01  0.0000000000e+00  1.0003089857e-07  1.0000027094e-07  -3.0000000000e-07  9.9968830517e-08 
 34   3.4000000000e-01  0.0000000000e+00  1.0003089851e-07  1.0000027086e-07  -3.0000000000e-07  9.9968830610e-08 
 35   3.5000000000e-01  0.0000000000e+00  1.0003089847e-07  1.0000027090e-07  -3.0000000000e-07  9.9968830644e-08 
 36   3.6000000000e-01  0.0000000000e+00  1.0003089845e-07  1.0000027088e-07  -3.0000000000e-07  9.9968830668e-08 
 37   3.7000000000e-01  0.0000000000e+00  1.0003089844e-07  1.0000027087e-07  -3.0000000000e-07  9.9968830688e-08 
 38   3.8000000000e-01  0.0000000000e+00  1.0003089843e-07  1.0000027088e-07  -3.0000000000e-07  9.9968830692e-08 
 39   3.9000000000e-01  0.0000000000e+00  1.0003089842e-07  1.0000027088e-07  -3.0000000000e-07  9.9968830699e-08 
 40   4.0000000000e-01  0.0000000000e+00  1.0003089842e-07  1.0000027088e-07  -3.0000000000e-07  9.9968830701e-08 
 41   4.1000000000e-01  0.0000000000e+00  1.0003089842e-07  1.0000027088e-07  -3.0000000000e-07  9.9968830702e-08 
 42   4.2000000000e-01  0.0000000000e+00  1.0003089842e-07  1.0000027088e-07  -3.0000000000e-07  9.9968830704e-08 
 43   4.3000000000e-01  0.0000000000e+00  1.0003089842e-07  1.0000027088e-07  -3.0000000000e-07  9.9968830704e-08 
 44   4.4000000000e-01  0.0000000000e+00  1.0003089842e-07  1.0000027088e-07  -3.0000000000e-07  9.9968830704e-08 
 45   4.5000000000e-01  0.0000000000e+00  1.0003089842e-07  1.0000027088e-07  -3.0000000000e-07  9.9968830704e-08 
 46   4.6000000000e-01  0.0000000000e+00  1.0003089842e-07  1.0000027088e-07  -3.0000000000e-07  9.9968830704e-08 
 47   4.7000000000e-01  0.0000000000e+00  1.0003089842e-07  1.0000027088e-07  -3.0000000000e-07  9.9968830704e-08 
 48   4.8000000000e-01  0.0000000000e+00  1.0003089842e-07  1.0000027088e-07  -3.0000000000e-07  9.9968830704e-08 
 49   4.9000000000e-01  0.0000000000e+00  1.0003089842e-07  1.0000027088e-07  -3.0000000000e-07  9.9968830704e-08 
 50   5.0000000000e-01  0.0000000000e+00  1.0003089842e-07  1.0000027088e-07  -3.0000000000e-07  9.9968830704e-08 
 51   5.1000000000e-01  0.0000000000e+00  1.0003089842e-07  1.0000027088e-07  -3.0000000000e-07  9.9968830704e-08 
 52   5.2000000000e-01  0.0000000000e+00  1.0003089842e-07  1.0000027088e-07  -3.0000000000e-07  9.9968830704e-08 
 53   5.3000000000e-01  0.0000000000e+00  1.0003089842e-07  1.0000027088e-07  -3.0000000000e-07  9.9968830704e-08 
 54   5.4000000000e-01  0.0000000000e+00  1.0003089842e-07  1.0000027088e-07  -3.0000000000e-07  9.9968830704e-08 
 55   5.5000000000e-01  0.0000000000e+00  1.0003089842e-07  1.0000027088e-07  -3.0000000000e-07  9.9968830704e-08 
 56   5.6000000000e-01  0.0000000000e+00  1.0003089842e-07  1.0000027088e-07  -3.0000000000e-07  9.9968830704e-08 
 57   5.7000000000e-01  0.0000000000e+00  1.0003089842e-07  1.0000027088e-07  -3.0000000000e-07  9.9968830704e-08 
 58   5.8000000000e-01  0.0000000000e+00  1.0003089842e-07  1.0000027088e-07  -3.0000000000e-07  9.9968830704e-08 
 59   5.9000000000e-01  0.0000000000e+00  1.0003089842e-07  1.0000027088e-07  -3.0000000000e-07  9.9968830704e-08 
 60   6.0000000000e-01  0.0000000000e+00  1.0003089842e-07  1.0000027088e-07  -3.0000000000e-07  9.9968830704e-08 
 61   6.1000000000e-01  0.0000000000e+00  1.0003089842e-07  1.0000027088e-07  -3.0000000000e-07  9.9968830704e-08 
 62   6.2000000000e-01  0.0000000000e+00  1.0003089842e-07  1.0000027088e-07  -3.0000000000e-07  9.9968830704e-08 
 63   6.3000000000e-01  0.0000000000e+00  1.0003089842e-07  1.0000027088e-07  -3.0000000000e-07  9.9968830704e-08 
 64   6.4000000000e-01  0.0000000000e+00  1.0003089842e-07  1.0000027088e-07  -3.0000000000e-07  9.9968830704e-08 
 65   6.5000000000e-01  0.0000000000e+00  1.0003089842e-07  1.0000027088e-07  -3.0000000000e-07  9.9968830704e-08 
 66   6.6000000000e-01  0.0000000000e+00  1.0003089842e-07  1.0000027088e-07  -3.0000000000e-07  9.9968830704e-08 
 67   6.7000000000e-01  0.0000000000e+00  1.0003089842e-07  1.0000027088e-07  -3.0000000000e-07  9.9968830704e-08 
 68   6.8000000000e-01  0.0000000000e+00  1.0003089842e-07  1.0000027088e-07  -3.0000000000e-07  9.9968830704e-08 
 69   6.9000000000e-01  0.0000000000e+00  1.0003089842e-07  1.0000027088e-07  -3.0000000000e-07  9.9968830704e-08 
 70   7.0000000000e-01  0.0000000000e+00  1.0003089842e-07  1.0000027088e-07  -3.0000000000e-07  9.9968830704e-08 
 71   7.1000000000e-01  0.0000000000e+00  1.0003089842e-07  1.0000027088e-07  -3.0000000000e-07  9.9968830704e-08 
 72   7.2000000000e-01  0.0000000000e+00  1.0003089842e-07  1.0000027088e-07  -3.0000000000e-07  9.9968830704e-08 
 73   7.3000000000e-01  0.0000000000e+00  1.0003089842e-07  1.0000027088e-07  -3.0000000000e-07  9.9968830704e-08 
 74   7.4000000000e-01  0.0000000000e+00  1.0003089842e-07  1.0000027088e-07  -3.0000000000e-07  9.9968830704e-08 
 75   7.5000000000e-01  0.0000000000e+00  1.0003089842e-07  1.0000027088e-07  -3.0000000000e-07  9.9968830704e-08 
 76   7.6000000000e-01  0.0000000000e+00  1.0003089842e-07  1.0000027088e-07  -3.0000000000e-07  9.9968830704e-08 
 77   7.7000000000e-01  0.0000000000e+00  1.0003089842e-07  1.0000027088e-07  -3.0000000000e-07  9.9968830704e-08 
 78   7.8000000000e-01  0.0000000000e+00  1.0003089842e-07  1.0000027088e-07  -3.0000000000e-07  9.9968830704e-08 
 79   7.9000000000e-01  0.0000000000e+00  1.0003089842e-07  1.0000027088e-07  -3.0000000000e-07  9.9968830704e-08 
 80   8.0000000000e-01  0.0000000000e+00  1.0003089842e-07  1.0000027088e-07  -3.0000000000e-07  9.9968830704e-08 
 81   8.1000000000e-01  0.0000000000e+00  1.0003089842e-07  1.0000027088e-07  -3.0000000000e-07  9.9968830704e-08 
