-----------------------------------------------------------------------------------
 Eq      N-i            T    dB      Ri/R1      Ri/R0       R/Ri    lsIt   dB   %t
-----------------------------------------------------------------------------------
 NS      1-1    1.631e+01 [   0  1.000e+00  1.000e+00  4.930e-11] [   27 -237   90]
 NS      1-2    6.681e+01 [ -23  6.640e-02  6.640e-02  9.904e-11] [  444 -230   98]
 NS      1-3    8.192e+01 [ -44  5.984e-03  5.984e-03  1.179e-11] [   30 -252   94]
 NS      1-4    8.634e+01 [ -63  6.369e-04  6.369e-04  1.973e-11] [   30 -246   75]
 NS      1-5    9.032e+01 [ -80  9.499e-05  9.499e-05  7.151e-12] [   30 -257   84]
 NS      1-6    9.444e+01 [ -96  1.561e-05  1.561e-05  1.114e-11] [   30 -252   77]
 NS      1-7    9.861e+01 [-111  2.609e-06  2.609e-06  1.026e-11] [   30 -253   83]
 NS      1-8    1.025e+02 [-127  4.363e-07  4.363e-07  8.377e-12] [   30 -255   81]
 NS      1-9    1.067e+02 [-142  7.298e-08  7.298e-08  8.324e-12] [   30 -255   84]
 NS      1-10   1.106e+02 [-158  1.207e-08  1.207e-08  9.516e-11] [   29 -231   80]
 NS      1-11   1.150e+02 [-174  1.986e-09  1.986e-09  6.052e-12] [   30 -258   81]
 NS      1-12   1.187e+02 [-189  3.244e-10  3.244e-10  4.183e-11] [   29 -239   82]
 NS      1-13   1.228e+02 [-205  5.234e-11  5.234e-11  9.867e-11] [   29 -230   81]
 NS      2-1    1.293e+02 [   0  1.000e+00  5.069e-01  5.688e-11] [   51 -236   89]
 NS      2-2    1.446e+02 [ -24  5.768e-02  2.924e-02  7.393e-11] [   30 -233   96]
 NS      2-3    1.487e+02 [ -43  6.665e-03  3.378e-03  2.162e-11] [   31 -246   81]
 NS      2-4    1.534e+02 [ -58  1.163e-03  5.895e-04  1.105e-11] [   31 -252   81]
 NS      2-5    1.579e+02 [ -73  2.225e-04  1.128e-04  1.469e-11] [   31 -249   80]
 NS      2-6    1.626e+02 [ -86  4.565e-05  2.314e-05  1.450e-11] [   31 -250   78]
 NS      2-7    1.670e+02 [ -99  1.034e-05  5.243e-06  9.313e-12] [   31 -254   84]
 NS      2-8    1.713e+02 [-112  2.402e-06  1.217e-06  7.512e-12] [   31 -256   78]
 NS      2-9    1.760e+02 [-125  5.219e-07  2.645e-07  8.568e-12] [   31 -255   77]
 NS      2-10   1.801e+02 [-138  1.229e-07  6.231e-08  4.706e-11] [   30 -238   84]
 NS      2-11   1.846e+02 [-151  2.616e-08  1.326e-08  1.073e-11] [   31 -253   75]
 NS      2-12   1.891e+02 [-164  5.857e-09  2.969e-09  1.039e-11] [   31 -253   83]
 NS      2-13   1.933e+02 [-177  1.300e-09  6.591e-10  1.012e-11] [   31 -253   80]
 NS      2-14   1.977e+02 [-191  2.731e-10  1.384e-10  1.037e-11] [   31 -253   80]
 NS      2-15   2.017e+02 [-204  5.903e-11  2.992e-11  8.830e-11] [   30 -232   83]
 NS      3-1    2.081e+02 [   0  1.000e+00  5.741e-01  6.736e-11] [   49 -234   82]
 NS      3-2    2.242e+02 [ -29  3.334e-02  1.914e-02  6.955e-11] [   30 -234   93]
 NS      3-3    2.281e+02 [ -48  3.916e-03  2.248e-03  8.171e-11] [   30 -232   81]
 NS      3-4    2.324e+02 [ -63  6.576e-04  3.776e-04  6.784e-12] [   31 -257   85]
 NS      3-5    2.365e+02 [ -78  1.245e-04  7.149e-05  9.067e-12] [   31 -254   80]
 NS      3-6    2.407e+02 [ -90  2.820e-05  1.619e-05  5.509e-11] [   30 -236   85]
 NS      3-7    2.446e+02 [-104  5.833e-06  3.349e-06  1.429e-11] [   31 -250   83]
 NS      3-8    2.490e+02 [-117  1.373e-06  7.885e-07  5.612e-12] [   31 -259   82]
 NS      3-9    2.536e+02 [-130  2.966e-07  1.703e-07  9.938e-11] [   30 -230   77]
 NS      3-10   2.577e+02 [-143  6.955e-08  3.993e-08  7.008e-11] [   30 -234   76]
 NS      3-11   2.620e+02 [-156  1.557e-08  8.938e-09  8.660e-11] [   30 -232   83]
 NS      3-12   2.661e+02 [-168  3.595e-09  2.064e-09  4.665e-12] [   31 -261   82]
 NS      3-13   2.704e+02 [-182  7.836e-10  4.499e-10  3.750e-11] [   30 -240   82]
 NS      3-14   2.743e+02 [-194  1.800e-10  1.034e-10  6.213e-11] [   30 -235   80]
 NS      3-15   2.787e+02 [-208  3.762e-11  2.160e-11  4.478e-11] [   30 -238   79]
 NS      4-1    2.837e+02 [   0  1.000e+00  4.244e-01  4.171e-11] [   38 -239   87]
 NS      4-2    2.879e+02 [ -30  2.908e-02  1.234e-02  2.597e-11] [   32 -244   80]
 NS      4-3    2.924e+02 [ -50  2.935e-03  1.246e-03  2.501e-11] [   32 -244   85]
 NS      4-4    2.965e+02 [ -67  4.193e-04  1.779e-04  1.097e-11] [   32 -252   84]
 NS      4-5    3.011e+02 [ -82  7.573e-05  3.214e-05  1.079e-11] [   32 -253   78]
 NS      4-6    3.053e+02 [ -96  1.471e-05  6.244e-06  1.146e-11] [   32 -252   84]
 NS      4-7    3.098e+02 [-110  2.912e-06  1.236e-06  1.910e-11] [   32 -247   78]
 NS      4-8    3.142e+02 [-123  6.835e-07  2.901e-07  1.195e-11] [   32 -252   85]
 NS      4-9    3.186e+02 [-137  1.393e-07  5.912e-08  1.379e-11] [   32 -250   80]
 NS      4-10   3.232e+02 [-149  3.266e-08  1.386e-08  1.538e-11] [   32 -249   78]
 NS      4-11   3.275e+02 [-163  6.710e-09  2.847e-09  1.339e-11] [   32 -250   83]
 NS      4-12   3.320e+02 [-176  1.507e-09  6.394e-10  1.688e-11] [   32 -248   77]
 NS      4-13   3.366e+02 [-190  3.115e-10  1.322e-10  1.248e-11] [   32 -251   82]
 NS      4-14   3.408e+02 [-203  6.725e-11  2.854e-11  1.593e-11] [   32 -249   84]
 NS      5-1    3.456e+02 [   0  1.000e+00  3.403e-01  3.773e-11] [   35 -240   82]
 NS      5-2    3.503e+02 [ -31  2.648e-02  9.012e-03  1.865e-11] [   32 -247   79]
 NS      5-3    3.545e+02 [ -52  2.459e-03  8.368e-04  2.880e-11] [   32 -243   80]
 NS      5-4    3.590e+02 [ -68  3.745e-04  1.275e-04  2.792e-11] [   32 -243   85]
 NS      5-5    3.630e+02 [ -83  6.393e-05  2.176e-05  3.182e-11] [   32 -242   83]
 NS      5-6    3.675e+02 [ -98  1.188e-05  4.043e-06  2.486e-11] [   32 -244   80]
 NS      5-7    3.717e+02 [-112  2.386e-06  8.121e-07  3.051e-11] [   32 -242   84]
 NS      5-8    3.760e+02 [-126  4.931e-07  1.678e-07  1.500e-11] [   32 -249   80]
 NS      5-9    3.804e+02 [-139  1.092e-07  3.715e-08  3.952e-11] [   32 -240   85]
 NS      5-10   3.846e+02 [-152  2.293e-08  7.802e-09  1.822e-11] [   32 -247   82]
 NS      5-11   3.889e+02 [-166  4.882e-09  1.661e-09  2.739e-11] [   32 -243   86]
 NS      5-12   3.931e+02 [-180  9.776e-10  3.327e-10  3.679e-11] [   32 -240   82]
 NS      5-13   3.976e+02 [-194  1.979e-10  6.736e-11  1.910e-11] [   32 -247   80]
 NS      6-1    4.020e+02 [   0  1.000e+00  2.253e-01  4.552e-11] [   33 -238   85]
 NS      6-2    4.064e+02 [ -32  2.460e-02  5.541e-03  2.428e-11] [   32 -244   76]
 NS      6-3    4.109e+02 [ -52  2.303e-03  5.189e-04  4.529e-11] [   32 -238   86]
 NS      6-4    4.152e+02 [ -69  3.268e-04  7.362e-05  2.384e-11] [   32 -245   81]
 NS      6-5    4.196e+02 [ -84  6.062e-05  1.366e-05  2.917e-11] [   32 -243   80]
 NS      6-6    4.239e+02 [ -98  1.203e-05  2.710e-06  1.464e-11] [   32 -249   84]
 NS      6-7    4.283e+02 [-111  2.557e-06  5.762e-07  2.265e-11] [   32 -245   79]
 NS      6-8    4.328e+02 [-125  5.320e-07  1.199e-07  1.676e-11] [   32 -248   85]
 NS      6-9    4.368e+02 [-138  1.217e-07  2.742e-08  1.960e-11] [   32 -247   84]
 NS      6-10   4.414e+02 [-151  2.569e-08  5.788e-09  8.608e-12] [   32 -255   81]
 NS      6-11   4.456e+02 [-164  5.702e-09  1.285e-09  2.154e-11] [   32 -246   84]
 NS      6-12   4.502e+02 [-178  1.207e-09  2.720e-10  1.641e-11] [   32 -248   75]
 NS      6-13   4.546e+02 [-191  2.533e-10  5.708e-11  1.730e-11] [   32 -248   85]
 NS      7-1    4.587e+02 [   0  1.000e+00  1.519e-01  8.364e-11] [   32 -232   82]
 NS      7-2    4.632e+02 [ -28  3.723e-02  5.655e-03  2.572e-11] [   32 -244   85]
 NS      7-3    4.673e+02 [ -51  2.646e-03  4.019e-04  3.211e-11] [   32 -242   83]
 NS      7-4    4.719e+02 [ -69  3.418e-04  5.192e-05  2.726e-11] [   32 -243   76]
 NS      7-5    4.764e+02 [ -83  6.473e-05  9.831e-06  3.055e-11] [   32 -242   85]
 NS      7-6    4.806e+02 [ -98  1.221e-05  1.855e-06  2.010e-11] [   32 -246   83]
 NS      7-7    4.850e+02 [-111  2.717e-06  4.127e-07  2.681e-11] [   32 -243   85]
 NS      7-8    4.891e+02 [-124  5.632e-07  8.554e-08  1.619e-11] [   32 -248   84]
 NS      7-9    4.939e+02 [-137  1.285e-07  1.951e-08  2.803e-11] [   32 -243   76]
 NS      7-10   4.985e+02 [-151  2.662e-08  4.043e-09  2.047e-11] [   32 -246   82]
 NS      7-11   5.028e+02 [-164  6.074e-09  9.226e-10  3.241e-11] [   32 -242   80]
 NS      7-12   5.076e+02 [-178  1.245e-09  1.890e-10  2.297e-11] [   32 -245   76]
 NS      7-13   5.122e+02 [-191  2.678e-10  4.068e-11  3.410e-11] [   32 -241   80]
 NS      8-1    5.276e+02 [   0  1.000e+00  9.315e-02  2.189e-11] [   30 -245   94]
 NS      8-2    5.316e+02 [ -31  2.712e-02  2.526e-03  3.906e-11] [   30 -240   78]
 NS      8-3    5.358e+02 [ -52  2.301e-03  2.143e-04  8.558e-11] [   30 -232   84]
 NS      8-4    5.401e+02 [ -69  3.193e-04  2.974e-05  5.969e-11] [   30 -235   78]
 NS      8-5    5.445e+02 [ -84  6.035e-05  5.622e-06  4.175e-11] [   30 -239   76]
 NS      8-6    5.485e+02 [ -98  1.155e-05  1.076e-06  2.779e-11] [   30 -243   83]
 NS      8-7    5.528e+02 [-111  2.515e-06  2.343e-07  4.205e-11] [   30 -239   74]
 NS      8-8    5.570e+02 [-126  4.929e-07  4.591e-08  2.462e-11] [   30 -244   84]
 NS      8-9    5.610e+02 [-139  1.120e-07  1.043e-08  4.422e-11] [   30 -238   81]
 NS      8-10   5.652e+02 [-152  2.287e-08  2.131e-09  1.777e-11] [   30 -248   84]
 NS      8-11   5.691e+02 [-165  5.231e-09  4.873e-10  4.331e-11] [   30 -239   82]
 NS      8-12   5.734e+02 [-179  1.104e-09  1.028e-10  1.579e-11] [   30 -249   83]
 NS      8-13   5.772e+02 [-192  2.375e-10  2.212e-11  3.735e-11] [   30 -240   83]
 NS      9-1    5.817e+02 [   0  1.000e+00  5.729e-02  8.142e-11] [   30 -232   77]
 NS      9-2    5.858e+02 [ -27  4.228e-02  2.422e-03  3.326e-11] [   30 -241   83]
 NS      9-3    5.902e+02 [ -50  2.827e-03  1.619e-04  9.042e-11] [   30 -231   75]
 NS      9-4    5.945e+02 [ -69  3.423e-04  1.961e-05  4.009e-11] [   30 -239   83]
 NS      9-5    5.985e+02 [ -84  6.305e-05  3.612e-06  3.826e-11] [   30 -240   82]
 NS      9-6    6.028e+02 [ -98  1.145e-05  6.562e-07  3.428e-11] [   30 -241   85]
 NS      9-7    6.070e+02 [-111  2.537e-06  1.453e-07  1.451e-11] [   30 -250   75]
 NS      9-8    6.114e+02 [-125  5.054e-07  2.895e-08  2.979e-11] [   30 -242   78]
 NS      9-9    6.155e+02 [-138  1.129e-07  6.469e-09  3.974e-11] [   30 -239   82]
 NS      9-10   6.198e+02 [-152  2.316e-08  1.327e-09  3.118e-11] [   30 -242   74]
 NS      9-11   6.242e+02 [-165  5.286e-09  3.028e-10  4.452e-11] [   30 -238   81]
 NS      9-12   6.281e+02 [-179  1.095e-09  6.271e-11  1.843e-11] [   30 -247   83]
 NS     10-1    6.323e+02 [   0  1.000e+00  3.336e-02  2.200e-11] [   30 -245   84]
 NS     10-2    6.361e+02 [ -29  3.250e-02  1.084e-03  4.037e-11] [   30 -239   82]
 NS     10-3    6.403e+02 [ -52  2.490e-03  8.306e-05  8.157e-11] [   30 -232   84]
 NS     10-4    6.442e+02 [ -69  3.301e-04  1.101e-05  6.990e-11] [   30 -234   81]
 NS     10-5    6.486e+02 [ -84  6.004e-05  2.003e-06  3.514e-11] [   30 -241   77]
 NS     10-6    6.527e+02 [ -98  1.132e-05  3.775e-07  3.500e-11] [   30 -241   82]
 NS     10-7    6.570e+02 [-112  2.494e-06  8.318e-08  3.840e-11] [   30 -240   76]
 NS     10-8    6.612e+02 [-126  4.949e-07  1.651e-08  2.172e-11] [   30 -246   84]
 NS     10-9    6.653e+02 [-138  1.127e-07  3.759e-09  3.552e-11] [   30 -241   81]
 NS     10-10   6.698e+02 [-152  2.313e-08  7.716e-10  1.413e-11] [   30 -250   79]
 NS     10-11   6.737e+02 [-165  5.270e-09  1.758e-10  4.055e-11] [   30 -239   82]
 NS     10-12s  6.783e+02 [-179  1.121e-09  3.741e-11  1.418e-11] [   30 -250   75]
 NS     11-1    6.840e+02 [   0  1.000e+00  1.933e-02  4.363e-11] [   30 -239   61]
 NS     11-2    6.880e+02 [ -28  3.948e-02  7.631e-04  3.156e-11] [   30 -242   83]
 NS     11-3    6.922e+02 [ -51  2.796e-03  5.404e-05  7.704e-11] [   30 -233   85]
 NS     11-4    6.961e+02 [ -69  3.497e-04  6.761e-06  6.137e-11] [   30 -235   82]
 NS     11-5    7.004e+02 [ -83  6.316e-05  1.221e-06  3.402e-11] [   30 -241   82]
 NS     11-6    7.048e+02 [ -98  1.164e-05  2.251e-07  4.269e-11] [   30 -239   77]
 NS     11-7    7.089e+02 [-111  2.579e-06  4.986e-08  3.397e-11] [   30 -241   80]
 NS     11-8    7.130e+02 [-125  5.302e-07  1.025e-08  3.288e-11] [   30 -241   84]
 NS     11-9    7.172e+02 [-138  1.219e-07  2.356e-09  3.186e-11] [   30 -242   77]
 NS     11-10   7.214e+02 [-152  2.510e-08  4.853e-10  1.895e-11] [   30 -247   84]
 NS     11-11   7.253e+02 [-164  5.685e-09  1.099e-10  3.478e-11] [   30 -241   80]
 NS     11-12   7.295e+02 [-178  1.191e-09  2.302e-11  1.916e-11] [   30 -247   84]
 NS     12-1    7.334e+02 [   0  1.000e+00  1.089e-02  2.659e-11] [   30 -244   82]
 NS     12-2    7.377e+02 [ -28  3.600e-02  3.919e-04  3.177e-11] [   30 -242   81]
 NS     12-3    7.418e+02 [ -51  2.666e-03  2.903e-05  5.099e-11] [   30 -237   82]
 NS     12-4    7.461e+02 [ -69  3.450e-04  3.755e-06  6.030e-11] [   30 -235   76]
 NS     12-5    7.502e+02 [ -84  6.277e-05  6.833e-07  3.968e-11] [   30 -240   84]
 NS     12-6    7.542e+02 [ -98  1.171e-05  1.275e-07  4.279e-11] [   30 -239   78]
 NS     12-7    7.585e+02 [-111  2.597e-06  2.827e-08  4.107e-11] [   30 -239   83]
 NS     12-8    7.624e+02 [-125  5.289e-07  5.758e-09  2.913e-11] [   30 -243   84]
 NS     12-9    7.669e+02 [-138  1.217e-07  1.324e-09  3.490e-11] [   30 -241   78]
 NS     12-10   7.713e+02 [-152  2.498e-08  2.719e-10  2.430e-11] [   30 -244   75]
 NS     12-11   7.758e+02 [-164  5.758e-09  6.269e-11  4.446e-11] [   30 -238   77]
 NS     13-1    7.916e+02 [   0  1.000e+00  6.069e-03  2.008e-11] [   30 -246   93]
 NS     13-2    7.960e+02 [ -28  3.849e-02  2.336e-04  2.398e-11] [   30 -245   80]
 NS     13-3    8.001e+02 [ -51  2.788e-03  1.692e-05  4.183e-11] [   30 -239   82]
 NS     13-4    8.044e+02 [ -69  3.497e-04  2.122e-06  5.817e-11] [   30 -236   80]
 NS     13-5    8.084e+02 [ -83  6.401e-05  3.885e-07  3.494e-11] [   30 -241   83]
 NS     13-6    8.126e+02 [ -98  1.152e-05  6.989e-08  2.737e-11] [   30 -243   79]
 NS     13-7    8.169e+02 [-111  2.550e-06  1.548e-08  3.080e-11] [   30 -242   83]
 NS     13-8    8.208e+02 [-125  5.164e-07  3.134e-09  1.425e-11] [   30 -250   83]
 NS     13-9    8.251e+02 [-138  1.192e-07  7.236e-10  3.843e-11] [   30 -240   84]
 NS     13-10   8.289e+02 [-152  2.468e-08  1.498e-10  1.627e-11] [   30 -248   83]
 NS     13-11   8.332e+02 [-164  5.660e-09  3.435e-11  3.507e-11] [   30 -241   84]
 NS     14-1    8.373e+02 [   0  1.000e+00  3.324e-03  1.965e-11] [   30 -247   78]
 NS     14-2    8.418e+02 [ -28  3.763e-02  1.251e-04  2.204e-11] [   30 -245   75]
 NS     14-3    8.463e+02 [ -51  2.778e-03  9.234e-06  4.770e-11] [   30 -238   78]
 NS     14-4    8.504e+02 [ -68  3.565e-04  1.185e-06  6.181e-11] [   30 -235   79]
 NS     14-5    8.546e+02 [ -83  6.519e-05  2.167e-07  3.544e-11] [   30 -241   84]
 NS     14-6    8.585e+02 [ -98  1.163e-05  3.865e-08  2.257e-11] [   30 -245   83]
 NS     14-7    8.627e+02 [-111  2.553e-06  8.486e-09  1.372e-11] [   30 -250   83]
 NS     14-8    8.670e+02 [-126  4.987e-07  1.658e-09  2.298e-11] [   30 -245   76]
 NS     14-9    8.713e+02 [-138  1.131e-07  3.761e-10  4.540e-11] [   30 -238   77]
 NS     14-10   8.755e+02 [-152  2.299e-08  7.643e-11  1.715e-11] [   30 -248   84]
 NS     15-1    8.795e+02 [   0  1.000e+00  1.802e-03  1.995e-11] [   30 -246   78]
 NS     15-2    8.837e+02 [ -28  3.874e-02  6.980e-05  2.085e-11] [   30 -246   84]
 NS     15-3    8.879e+02 [ -50  2.858e-03  5.150e-06  4.688e-11] [   30 -238   77]
 NS     15-4    8.924e+02 [ -68  3.680e-04  6.631e-07  5.496e-11] [   30 -236   80]
 NS     15-5    8.963e+02 [ -83  6.737e-05  1.214e-07  4.020e-11] [   30 -239   80]
 NS     15-6    9.007e+02 [ -98  1.206e-05  2.172e-08  2.430e-11] [   30 -244   77]
 NS     15-7    9.046e+02 [-111  2.660e-06  4.792e-09  2.800e-11] [   30 -243   84]
 NS     15-8    9.091e+02 [-125  5.171e-07  9.316e-10  2.282e-11] [   30 -245   76]
 NS     15-9    9.131e+02 [-138  1.155e-07  2.081e-10  4.416e-11] [   30 -238   84]
 NS     15-10   9.174e+02 [-152  2.307e-08  4.156e-11  1.393e-11] [   30 -250   76]
 NS     16-1    9.217e+02 [   0  1.000e+00  9.642e-04  2.040e-11] [   30 -246   84]
 NS     16-2    9.258e+02 [ -28  3.898e-02  3.758e-05  2.242e-11] [   30 -245   81]
 NS     16-3    9.303e+02 [ -50  2.944e-03  2.839e-06  3.065e-11] [   30 -242   77]
 NS     16-4    9.343e+02 [ -68  3.923e-04  3.782e-07  5.234e-11] [   30 -237   84]
 NS     16-5    9.386e+02 [ -82  7.245e-05  6.985e-08  3.470e-11] [   30 -241   80]
 NS     16-6    9.429e+02 [ -97  1.336e-05  1.288e-08  1.504e-11] [   30 -249   78]
 NS     16-7    9.471e+02 [-110  2.944e-06  2.838e-09  1.087e-11] [   30 -252   78]
 NS     16-8    9.514e+02 [-124  5.810e-07  5.602e-10  1.071e-11] [   30 -253   82]
 NS     16-9    9.554e+02 [-137  1.286e-07  1.240e-10  1.173e-11] [   30 -252   82]
 NS     16-10   9.598e+02 [-151  2.534e-08  2.443e-11  1.542e-11] [   30 -249   80]
 NS     17-1    9.637e+02 [   0  1.000e+00  5.111e-04  2.101e-11] [   30 -246   81]
 NS     17-2    9.680e+02 [ -27  3.999e-02  2.043e-05  3.998e-11] [   30 -239   83]
 NS     17-3    9.721e+02 [ -50  3.068e-03  1.568e-06  4.887e-11] [   30 -237   79]
 NS     17-4    9.766e+02 [ -67  4.150e-04  2.121e-07  4.283e-11] [   30 -239   76]
 NS     17-5    9.809e+02 [ -82  7.616e-05  3.892e-08  1.581e-11] [   30 -249   82]
 NS     17-6    9.851e+02 [ -97  1.408e-05  7.196e-09  2.681e-11] [   30 -243   78]
 NS     17-7    9.896e+02 [-110  3.108e-06  1.588e-09  3.084e-11] [   30 -242   80]
 NS     17-8    9.935e+02 [-123  6.311e-07  3.225e-10  1.389e-11] [   30 -250   81]
 NS     17-9    9.978e+02 [-137  1.404e-07  7.177e-11  2.181e-11] [   30 -245   81]
 NS     18-1    1.013e+03 [   0  1.000e+00  2.682e-04  2.283e-11] [   30 -245   95]
 NS     18-2    1.017e+03 [ -27  4.110e-02  1.102e-05  4.522e-11] [   30 -238   83]
 NS     18-3    1.021e+03 [ -49  3.262e-03  8.748e-07  4.571e-11] [   30 -238   73]
 NS     18-4    1.025e+03 [ -66  4.492e-04  1.205e-07  2.355e-11] [   30 -245   84]
 NS     18-5    1.029e+03 [ -81  8.064e-05  2.163e-08  2.463e-11] [   30 -244   81]
 NS     18-6    1.034e+03 [ -96  1.480e-05  3.968e-09  3.282e-11] [   30 -241   84]
 NS     18-7    1.037e+03 [-109  3.199e-06  8.580e-10  4.102e-11] [   30 -239   83]
 NS     18-8    1.042e+03 [-123  6.533e-07  1.752e-10  1.076e-11] [   30 -253   84]
 NS     18-9    1.046e+03 [-136  1.453e-07  3.896e-11  1.072e-11] [   30 -253   83]
 NS     19-1    1.050e+03 [   0  1.000e+00  1.396e-04  2.199e-11] [   30 -245   79]
 NS     19-2    1.054e+03 [ -27  4.313e-02  6.022e-06  4.366e-11] [   30 -239   83]
 NS     19-3    1.058e+03 [ -48  3.581e-03  5.000e-07  5.381e-11] [   30 -236   81]
 NS     19-4    1.062e+03 [ -66  5.007e-04  6.990e-08  5.013e-11] [   30 -237   83]
 NS     19-5    1.066e+03 [ -81  8.678e-05  1.212e-08  3.144e-11] [   30 -242   77]
 NS     19-6    1.071e+03 [ -96  1.547e-05  2.160e-09  2.898e-11] [   30 -243   84]
 NS     19-7    1.075e+03 [-109  3.206e-06  4.477e-10  3.932e-11] [   30 -240   83]
 NS     19-8    1.079e+03 [-123  6.440e-07  8.992e-11  1.613e-11] [   30 -249   84]
 NS     20-1    1.083e+03 [   0  1.000e+00  7.211e-05  1.060e-11] [   30 -253   82]
 NS     20-2    1.087e+03 [ -26  4.622e-02  3.333e-06  4.323e-11] [   30 -239   82]
 NS     20-3    1.091e+03 [ -47  4.128e-03  2.977e-07  6.266e-11] [   30 -235   83]
 NS     20-4    1.095e+03 [ -64  6.003e-04  4.329e-08  4.544e-11] [   30 -238   75]
 NS     20-5    1.099e+03 [ -79  1.011e-04  7.289e-09  3.212e-11] [   30 -242   82]
 NS     20-6    1.104e+03 [ -95  1.745e-05  1.258e-09  2.814e-11] [   30 -243   77]
 NS     20-7    1.108e+03 [-109  3.431e-06  2.474e-10  2.009e-11] [   30 -246   83]
 NS     20-8s   1.112e+03 [-123  6.636e-07  4.785e-11  3.372e-11] [   30 -241   82]
 NS     21-1    1.118e+03 [   0  1.000e+00  3.703e-05  2.110e-11] [   30 -246   61]
 NS     21-2    1.122e+03 [ -25  5.082e-02  1.882e-06  4.115e-11] [   30 -239   80]
 NS     21-3    1.126e+03 [ -46  4.837e-03  1.791e-07  5.953e-11] [   30 -235   77]
 NS     21-4    1.130e+03 [ -62  7.139e-04  2.643e-08  4.485e-11] [   30 -238   83]
 NS     21-5    1.135e+03 [ -78  1.189e-04  4.404e-09  4.367e-11] [   30 -239   76]
 NS     21-6    1.139e+03 [ -93  2.040e-05  7.553e-10  3.074e-11] [   30 -242   79]
 NS     21-7    1.143e+03 [-108  3.898e-06  1.443e-10  1.955e-11] [   30 -247   84]
 NS     21-8    1.147e+03 [-122  7.261e-07  2.689e-11  3.615e-11] [   30 -240   74]
 NS     22-1    1.151e+03 [   0  1.000e+00  1.894e-05  1.260e-11] [   30 -251   82]
 NS     22-2    1.155e+03 [ -24  5.789e-02  1.097e-06  4.814e-11] [   30 -238   81]
 NS     22-3    1.160e+03 [ -44  5.792e-03  1.097e-07  4.957e-11] [   30 -237   84]
 NS     22-4    1.164e+03 [ -61  8.602e-04  1.629e-08  3.475e-11] [   30 -241   83]
 NS     22-5    1.168e+03 [ -76  1.435e-04  2.718e-09  2.646e-11] [   30 -244   82]
 NS     22-6    1.172e+03 [ -92  2.493e-05  4.723e-10  2.259e-11] [   30 -245   82]
 NS     22-7    1.176e+03 [-106  4.759e-06  9.015e-11  1.313e-11] [   30 -251   79]
 NS     23-1    1.191e+03 [   0  1.000e+00  9.696e-06  3.098e-11] [   30 -242   95]
 NS     23-2    1.195e+03 [ -23  6.884e-02  6.675e-07  2.573e-11] [   30 -244   82]
 NS     23-3    1.200e+03 [ -42  7.322e-03  7.100e-08  2.794e-11] [   30 -243   76]
 NS     23-4    1.204e+03 [ -59  1.090e-03  1.057e-08  2.595e-11] [   30 -244   82]
 NS     23-5    1.208e+03 [ -74  1.794e-04  1.740e-09  2.248e-11] [   30 -245   81]
 NS     23-6    1.212e+03 [ -90  3.052e-05  2.959e-10  1.857e-11] [   30 -247   85]
 NS     23-7    1.216e+03 [-104  5.801e-06  5.625e-11  2.199e-11] [   30 -245   78]
 NS     24-1    1.220e+03 [   0  1.000e+00  4.993e-06  3.333e-11] [   30 -241   80]
 NS     24-2    1.224e+03 [ -21  8.426e-02  4.207e-07  5.071e-11] [   30 -237   83]
 NS     24-3    1.229e+03 [ -40  9.532e-03  4.759e-08  5.336e-11] [   30 -237   75]
 NS     24-4    1.233e+03 [ -56  1.425e-03  7.115e-09  4.536e-11] [   30 -238   84]
 NS     24-5    1.237e+03 [ -72  2.292e-04  1.144e-09  3.232e-11] [   30 -242   77]
 NS     24-6    1.241e+03 [ -88  3.741e-05  1.868e-10  3.267e-11] [   30 -241   82]
 NS     24-7    1.245e+03 [-103  6.809e-06  3.399e-11  2.848e-11] [   30 -243   83]
 NS     25-1    1.249e+03 [   0  1.000e+00  2.615e-06  2.946e-11] [   30 -242   84]
 NS     25-2    1.253e+03 [ -19  1.035e-01  2.707e-07  4.991e-11] [   30 -237   83]
 NS     25-3    1.257e+03 [ -38  1.203e-02  3.146e-08  5.637e-11] [   30 -236   78]
 NS     25-4    1.261e+03 [ -54  1.812e-03  4.740e-09  3.858e-11] [   30 -240   82]
 NS     25-5    1.266e+03 [ -70  2.911e-04  7.614e-10  2.571e-11] [   30 -244   75]
 NS     25-6    1.270e+03 [ -86  4.705e-05  1.231e-10  3.058e-11] [   30 -242   84]
 NS     25-7    1.274e+03 [-101  8.176e-06  2.138e-11  2.576e-11] [   30 -244   80]
 NS     26-1    1.278e+03 [   0  1.000e+00  1.413e-06  3.149e-11] [   30 -242   81]
 NS     26-2    1.283e+03 [ -17  1.260e-01  1.780e-07  5.417e-11] [   30 -236   77]
 NS     26-3    1.287e+03 [ -36  1.477e-02  2.087e-08  3.793e-11] [   30 -240   77]
 NS     26-4    1.291e+03 [ -53  2.227e-03  3.146e-09  3.260e-11] [   30 -241   83]
 NS     26-5    1.296e+03 [ -68  3.601e-04  5.087e-10  1.763e-11] [   30 -248   74]
 NS     26-6    1.300e+03 [ -84  5.861e-05  8.280e-11  2.530e-11] [   30 -244   83]
 NS     27-1    1.304e+03 [   0  1.000e+00  7.966e-07  3.296e-11] [   30 -241   82]
 NS     27-2    1.308e+03 [ -16  1.497e-01  1.192e-07  5.130e-11] [   30 -237   83]
 NS     27-3    1.312e+03 [ -35  1.773e-02  1.413e-08  4.365e-11] [   30 -239   83]
 NS     27-4    1.316e+03 [ -51  2.647e-03  2.109e-09  2.569e-11] [   30 -244   80]
 NS     27-5    1.321e+03 [ -67  4.252e-04  3.387e-10  2.671e-11] [   30 -243   77]
 NS     27-6    1.325e+03 [ -83  6.869e-05  5.472e-11  2.477e-11] [   30 -244   77]
 NS     28-1    1.340e+03 [   0  1.000e+00  4.726e-07  5.643e-11] [   30 -236   96]
 NS     28-2    1.344e+03 [ -15  1.697e-01  8.017e-08  5.449e-11] [   30 -236   83]
 NS     28-3    1.348e+03 [ -33  2.023e-02  9.560e-09  4.923e-11] [   30 -237   79]
 NS     28-4    1.353e+03 [ -50  3.012e-03  1.423e-09  3.618e-11] [   30 -240   83]
 NS     28-5    1.357e+03 [ -66  4.824e-04  2.280e-10  3.314e-11] [   30 -241   80]
 NS     28-6    1.361e+03 [ -82  7.759e-05  3.667e-11  2.825e-11] [   30 -243   75]
 NS     29-1    1.366e+03 [   0  1.000e+00  2.951e-07  6.167e-11] [   30 -235   77]
 NS     29-2    1.370e+03 [ -14  1.834e-01  5.411e-08  4.569e-11] [   30 -238   82]
 NS     29-3    1.375e+03 [ -33  2.188e-02  6.458e-09  3.074e-11] [   30 -242   79]
 NS     29-4    1.379e+03 [ -49  3.266e-03  9.640e-10  3.266e-11] [   30 -241   81]
 NS     29-5    1.383e+03 [ -65  5.241e-04  1.547e-10  1.897e-11] [   30 -247   74]
 NS     29-6    1.387e+03 [ -81  8.396e-05  2.478e-11  2.016e-11] [   30 -246   85]
 NS     30-1    1.391e+03 [   0  1.000e+00  1.913e-07  4.250e-11] [   30 -239   80]
 NS     30-2    1.396e+03 [ -14  1.920e-01  3.674e-08  4.629e-11] [   30 -238   83]
 NS     30-3    1.400e+03 [ -32  2.292e-02  4.385e-09  3.912e-11] [   30 -240   83]
 NS     30-4    1.404e+03 [ -49  3.411e-03  6.526e-10  2.474e-11] [   30 -244   83]
 NS     30-5    1.408e+03 [ -65  5.470e-04  1.047e-10  3.071e-11] [   30 -242   83]
 NS     30-6s   1.412e+03 [ -81  8.750e-05  1.674e-11  2.528e-11] [   30 -244   75]
 NS     31-1    1.418e+03 [   0  1.000e+00  1.270e-07  6.637e-11] [   30 -234   64]
 NS     31-2    1.422e+03 [ -14  1.968e-01  2.500e-08  5.541e-11] [   30 -236   82]
 NS     31-3    1.427e+03 [ -32  2.343e-02  2.977e-09  4.622e-11] [   30 -238   76]
 NS     31-4    1.431e+03 [ -49  3.468e-03  4.405e-10  3.241e-11] [   30 -242   83]
 NS     31-5    1.435e+03 [ -65  5.602e-04  7.116e-11  3.451e-11] [   30 -241   79]
 NS     32-1    1.439e+03 [   0  1.000e+00  8.567e-08  6.091e-11] [   30 -235   82]
 NS     32-2    1.443e+03 [ -14  1.988e-01  1.703e-08  6.148e-11] [   30 -235   83]
 NS     32-3    1.447e+03 [ -32  2.377e-02  2.036e-09  3.843e-11] [   30 -240   84]
 NS     32-4    1.451e+03 [ -49  3.529e-03  3.023e-10  3.751e-11] [   30 -240   84]
 NS     32-5    1.456e+03 [ -64  5.730e-04  4.909e-11  2.619e-11] [   30 -244   79]
 NS     33-1    1.471e+03 [   0  1.000e+00  5.818e-08  3.526e-11] [   30 -241   95]
 NS     33-2    1.475e+03 [ -14  1.994e-01  1.160e-08  4.544e-11] [   30 -238   84]
 NS     33-3    1.479e+03 [ -32  2.400e-02  1.396e-09  4.509e-11] [   30 -238   83]
 NS     33-4    1.484e+03 [ -48  3.595e-03  2.091e-10  3.079e-11] [   30 -242   84]
 NS     33-5    1.488e+03 [ -64  5.817e-04  3.384e-11  3.771e-11] [   30 -240   82]
 NS     34-1    1.492e+03 [   0  1.000e+00  3.969e-08  5.696e-11] [   30 -236   76]
 NS     34-2    1.496e+03 [ -14  1.993e-01  7.910e-09  5.963e-11] [   30 -235   83]
 NS     34-3    1.500e+03 [ -32  2.381e-02  9.449e-10  4.717e-11] [   30 -238   76]
 NS     34-4    1.505e+03 [ -48  3.562e-03  1.414e-10  2.888e-11] [   30 -243   83]
 NS     34-5    1.509e+03 [ -64  5.814e-04  2.307e-11  3.889e-11] [   30 -240   83]
 NS     35-1    1.513e+03 [   0  1.000e+00  2.717e-08  5.889e-11] [   30 -236   84]
 NS     35-2    1.517e+03 [ -14  1.994e-01  5.418e-09  5.126e-11] [   30 -237   77]
 NS     35-3    1.521e+03 [ -32  2.370e-02  6.440e-10  3.521e-11] [   30 -241   83]
 NS     35-4    1.525e+03 [ -49  3.526e-03  9.580e-11  4.082e-11] [   30 -239   82]
 NS     36-1    1.530e+03 [   0  1.000e+00  1.860e-08  3.707e-11] [   30 -240   76]
 NS     36-2    1.534e+03 [ -14  1.993e-01  3.707e-09  4.763e-11] [   30 -238   81]
 NS     36-3    1.538e+03 [ -32  2.406e-02  4.476e-10  4.281e-11] [   30 -239   74]
 NS     36-4    1.543e+03 [ -48  3.610e-03  6.716e-11  2.614e-11] [   30 -244   84]
 NS     37-1    1.547e+03 [   0  1.000e+00  1.275e-08  5.966e-11] [   30 -235   79]
 NS     37-2    1.551e+03 [ -14  1.984e-01  2.529e-09  5.054e-11] [   30 -237   83]
 NS     37-3    1.555e+03 [ -32  2.409e-02  3.071e-10  5.408e-11] [   30 -236   83]
 NS     37-4    1.559e+03 [ -48  3.657e-03  4.662e-11  2.869e-11] [   30 -243   82]
 NS     38-1    1.574e+03 [   0  1.000e+00  8.750e-09  5.758e-11] [   30 -236   95]
 NS     38-2    1.578e+03 [ -14  1.980e-01  1.733e-09  5.572e-11] [   30 -236   83]
 NS     38-3    1.582e+03 [ -32  2.373e-02  2.076e-10  3.719e-11] [   30 -240   76]
 NS     38-4    1.586e+03 [ -48  3.588e-03  3.139e-11  3.412e-11] [   30 -241   82]
 NS     39-1    1.591e+03 [   0  1.000e+00  6.006e-09  4.388e-11] [   30 -238   76]
 NS     39-2    1.595e+03 [ -14  1.985e-01  1.192e-09  4.518e-11] [   30 -238   84]
 NS     39-3    1.599e+03 [ -32  2.391e-02  1.436e-10  3.546e-11] [   30 -241   80]
 NS     39-4    1.603e+03 [ -48  3.604e-03  2.165e-11  3.735e-11] [   30 -240   83]
 NS     40-1    1.607e+03 [   0  1.000e+00  4.125e-09  3.644e-11] [   30 -240   83]
 NS     40-2    1.612e+03 [ -14  1.983e-01  8.180e-10  4.127e-11] [   30 -239   81]
 NS     40-3    1.615e+03 [ -32  2.441e-02  1.007e-10  5.071e-11] [   30 -237   83]
 NS     40-4s   1.620e+03 [ -48  3.734e-03  1.540e-11  3.067e-11] [   30 -242   79]
 NS     41-1    1.626e+03 [   0  1.000e+00  2.836e-09  6.554e-11] [   30 -234   64]
 NS     41-2    1.630e+03 [ -14  1.974e-01  5.599e-10  6.444e-11] [   30 -235   81]
 NS     41-3    1.634e+03 [ -32  2.429e-02  6.887e-11  4.786e-11] [   30 -238   81]
 NS     42-1    1.638e+03 [   0  1.000e+00  1.946e-09  4.396e-11] [   30 -238   79]
 NS     42-2    1.643e+03 [ -14  1.975e-01  3.843e-10  4.739e-11] [   30 -238   75]
 NS     42-3    1.647e+03 [ -32  2.394e-02  4.660e-11  2.892e-11] [   30 -243   83]
 NS     43-1    1.662e+03 [   0  1.000e+00  1.336e-09  3.752e-11] [   30 -240   95]
 NS     43-2    1.666e+03 [ -14  1.982e-01  2.647e-10  3.948e-11] [   30 -240   82]
 NS     43-3    1.670e+03 [ -32  2.435e-02  3.253e-11  3.777e-11] [   30 -240   84]
 NS     44-1    1.674e+03 [   0  1.000e+00  9.177e-10  6.750e-11] [   30 -234   82]
 NS     44-2    1.678e+03 [ -14  1.979e-01  1.816e-10  6.624e-11] [   30 -234   80]
 NS     44-3    1.682e+03 [ -32  2.484e-02  2.280e-11  5.103e-11] [   30 -237   81]
 NS     45-1    1.687e+03 [   0  1.000e+00  6.304e-10  5.541e-11] [   30 -236   78]
 NS     45-2    1.691e+03 [ -14  1.971e-01  1.243e-10  5.275e-11] [   30 -237   84]
 NS     45-3    1.695e+03 [ -32  2.458e-02  1.550e-11  2.926e-11] [   30 -243   74]
 NS     46-1    1.700e+03 [   0  1.000e+00  4.328e-10  4.295e-11] [   30 -239   81]
 NS     46-2    1.704e+03 [ -14  1.974e-01  8.545e-11  4.290e-11] [   30 -239   81]
 NS     47-1    1.708e+03 [   0  1.000e+00  2.925e-10  5.470e-11] [   30 -236   81]
 NS     47-2    1.712e+03 [ -14  1.991e-01  5.825e-11  5.682e-11] [   30 -236   83]
 NS     48-1    1.728e+03 [   0  1.000e+00  1.980e-10  5.463e-11] [   30 -236   93]
 NS     48-2    1.732e+03 [ -14  1.986e-01  3.933e-11  4.956e-11] [   30 -237   82]
 NS     49-1    1.736e+03 [   0  1.000e+00  1.339e-10  5.956e-11] [   30 -235   83]
 NS     49-2    1.740e+03 [ -14  1.971e-01  2.639e-11  5.643e-11] [   30 -236   81]
 NS     50-1    1.745e+03 [   0  1.000e+00  9.035e-11  4.147e-11] [   30 -239   82]
 NS     50-2s   1.749e+03 [ -14  1.975e-01  1.784e-11  4.349e-11] [   30 -239   83]
 NS     51-1    1.754e+03 [   0  1.000e+00  6.084e-11  4.699e-11] [   30 -238   59]
 NS     51-2    1.758e+03 [ -14  1.982e-01  1.206e-11  4.348e-11] [   30 -239   85]
 NS     52-1    1.762e+03 [   0  1.000e+00  4.104e-11  6.642e-11] [   30 -234   81]
 NS     52-2    1.767e+03 [ -14  1.968e-01  8.077e-12  6.088e-11] [   30 -235   81]
 NS     53-1    1.782e+03 [   0  1.000e+00  2.773e-11  3.508e-11] [   30 -241   95]
 NS     53-2    1.786e+03 [ -14  1.959e-01  5.432e-12  5.559e-11] [   30 -236   84]
 NS     54-1    1.791e+03 [   0  1.000e+00  1.871e-11  3.461e-11] [   30 -241   75]
 NS     54-2    1.795e+03 [ -14  1.969e-01  3.684e-12  3.449e-11] [   30 -241   85]
 NS     55-1    1.799e+03 [   0  1.000e+00  1.262e-11  5.699e-11] [   30 -236   81]
 NS     55-2    1.803e+03 [ -14  1.966e-01  2.480e-12  5.073e-11] [   30 -237   84]
 NS     56-1    1.807e+03 [   0  1.000e+00  8.537e-12  4.296e-11] [   30 -239   82]
 NS     56-2    1.812e+03 [ -14  1.944e-01  1.660e-12  4.528e-11] [   30 -238   80]
 NS     57-1    1.816e+03 [   0  1.000e+00  5.779e-12  2.832e-11] [   30 -243   78]
 NS     57-2    1.820e+03 [ -14  1.941e-01  1.122e-12  3.875e-11] [   30 -240   74]
 NS     58-1    1.837e+03 [   0  1.000e+00  3.907e-12  4.142e-11] [   30 -239   95]
 NS     58-2    1.841e+03 [ -14  1.945e-01  7.601e-13  3.490e-11] [   30 -241   74]
 NS     59-1    1.845e+03 [   0  1.000e+00  2.643e-12  4.729e-11] [   30 -238   79]
 NS     59-2    1.849e+03 [ -14  1.933e-01  5.109e-13  4.970e-11] [   30 -237   80]
 NS     60-1    1.854e+03 [   0  1.000e+00  1.791e-12  3.758e-11] [   30 -240   79]
 NS     60-2s   1.858e+03 [ -14  1.921e-01  3.441e-13  5.259e-11] [   30 -237   82]
 NS     61-1    1.864e+03 [   0  1.000e+00  1.214e-12  3.757e-11] [   30 -240   58]
 NS     61-2    1.868e+03 [ -14  1.927e-01  2.340e-13  2.999e-11] [   30 -242   79]
 NS     62-1    1.872e+03 [   0  1.000e+00  8.233e-13  4.032e-11] [   30 -239   82]
 NS     62-2    1.876e+03 [ -14  1.930e-01  1.589e-13  3.446e-11] [   30 -241   85]
 NS     63-1    1.892e+03 [   0  1.000e+00  5.587e-13  4.475e-11] [   30 -238   96]
 NS     63-2    1.896e+03 [ -14  1.931e-01  1.079e-13  5.211e-11] [   30 -237   84]
 NS     64-1    1.900e+03 [   0  1.000e+00  3.799e-13  2.558e-11] [   30 -244   77]
 NS     64-2    1.905e+03 [ -14  1.954e-01  7.425e-14  3.037e-11] [   30 -242   84]
 NS     65-1    1.909e+03 [   0  1.000e+00  2.591e-13  3.876e-11] [   30 -240   78]
 NS     65-2    1.913e+03 [ -13  2.018e-01  5.229e-14  2.509e-11] [   30 -244   81]
 NS     66-1    1.917e+03 [   0  1.000e+00  1.773e-13  4.628e-11] [   30 -238   82]
 NS     66-2    1.921e+03 [ -13  2.137e-01  3.789e-14  3.759e-11] [   30 -240   79]
 NS     67-1    1.925e+03 [   0  1.000e+00  1.224e-13  3.062e-11] [   30 -242   83]
 NS     67-2    1.930e+03 [ -12  2.370e-01  2.902e-14  3.467e-11] [   30 -241   81]
 NS     68-1    1.945e+03 [   0  1.000e+00  8.607e-14  2.000e-11] [   30 -246   95]
 NS     68-2    1.950e+03 [ -11  2.762e-01  2.377e-14  1.694e-11] [   30 -248   80]
 NS     69-1    1.954e+03 [   0  1.000e+00  6.240e-14  2.743e-11] [   30 -243   82]
 NS     69-2    1.958e+03 [  -9  3.383e-01  2.111e-14  1.958e-11] [   30 -247   80]
 NS     70-1    1.962e+03 [   0  1.000e+00  4.755e-14  3.876e-11] [   30 -240   83]
 NS     70-2s   1.966e+03 [  -7  4.145e-01  1.971e-14  1.181e-11] [   30 -252   76]
 NS     71-1    1.972e+03 [   0  1.000e+00  3.879e-14  1.231e-11] [   30 -251   63]
 NS     71-2    1.976e+03 [  -6  4.908e-01  1.904e-14  8.122e-12] [   30 -255   78]
 NS     72-1    1.980e+03 [   0  1.000e+00  3.403e-14  1.564e-11] [   30 -249   84]
 NS     72-2    1.984e+03 [  -5  5.454e-01  1.856e-14  5.439e-12] [   30 -259   82]
 NS     73-1    2.000e+03 [   0  1.000e+00  3.130e-14  9.238e-12] [   30 -254   94]
 NS     73-2    2.004e+03 [  -4  5.916e-01  1.852e-14  6.295e-12] [   30 -258   77]
 NS     74-1    2.008e+03 [   0  1.000e+00  2.989e-14  9.452e-12] [   30 -254   83]
 NS     74-2    2.013e+03 [  -4  6.177e-01  1.846e-14  8.948e-11] [   29 -231   75]
 NS     75-1    2.017e+03 [   0  1.000e+00  2.929e-14  4.180e-12] [   30 -262   77]
 NS     75-2    2.021e+03 [  -4  6.157e-01  1.803e-14  5.448e-12] [   30 -259   78]
 NS     76-1    2.026e+03 [   0  1.000e+00  2.902e-14  6.206e-12] [   30 -258   73]
 NS     76-2    2.030e+03 [  -4  6.308e-01  1.831e-14  5.575e-12] [   30 -259   84]
 NS     77-1    2.034e+03 [   0  1.000e+00  2.891e-14  8.795e-11] [   29 -232   83]
 NS     77-2    2.038e+03 [  -4  6.292e-01  1.819e-14  7.244e-11] [   29 -233   80]
 NS     78-1    2.053e+03 [   0  1.000e+00  2.900e-14  7.384e-11] [   29 -233   95]
 NS     78-2    2.057e+03 [  -4  6.270e-01  1.818e-14  6.368e-11] [   29 -235   81]
 NS     79-1    2.061e+03 [   0  1.000e+00  2.887e-14  8.468e-11] [   29 -232   76]
 NS     79-2    2.066e+03 [  -4  6.300e-01  1.819e-14  4.638e-12] [   30 -261   82]
 NS     80-1    2.070e+03 [   0  1.000e+00  2.899e-14  5.349e-11] [   29 -237   73]
 NS     80-2s   2.074e+03 [  -4  6.260e-01  1.815e-14  4.558e-12] [   30 -261   84]
 NS     81-1    2.079e+03 [   0  1.000e+00  2.877e-14  3.696e-11] [   29 -240   61]
 NS     81-2    2.084e+03 [  -3  6.341e-01  1.825e-14  8.883e-11] [   29 -231   73]
