-----------------------------------------------------------------------------------
 Eq      N-i            T    dB      Ri/R1      Ri/R0       R/Ri    lsIt   dB   %t
-----------------------------------------------------------------------------------
 NS      1-1    2.604e+01 [   0  1.000e+00  1.000e+00  9.535e-11] [  639 -231   88]
 NS      1-2    3.679e+01 [-104  5.755e-06  5.755e-06  9.841e-11] [  590 -230   77]
 NS      1-3    4.721e+01 [-215  1.627e-11  1.627e-11  9.537e-11] [  577 -231   78]
 NS      2-1    5.764e+01 [   0  1.000e+00  1.132e+00  9.881e-11] [  579 -230   78]
 NS      2-2    6.866e+01 [-111  2.685e-06  3.039e-06  9.357e-11] [  581 -231   74]
 NS      2-3    7.969e+01 [-220  9.081e-12  1.028e-11  9.735e-11] [  609 -231   78]
 NS      3-1    9.798e+01 [   0  1.000e+00  1.261e+00  9.807e-11] [  715 -230   87]
 NS      3-2    1.096e+02 [-118  1.216e-06  1.534e-06  9.654e-11] [  654 -231   79]
 NS      3-3    1.196e+02 [-229  3.485e-12  4.395e-12  2.245e-10] [  536 -222   76]
