-----------------------------------------------------------------------------------
 Eq      N-i            T    dB      Ri/R1      Ri/R0       R/Ri    lsIt   dB   %t
-----------------------------------------------------------------------------------
 NS     61-1    2.297e+03 [   0  1.000e+00  4.754e-14  2.044e-08] [  316 -177    1]
 NS     61-2    2.304e+03 [  -3  6.505e-01  3.092e-14  3.100e-08] [  327 -173   64]
 NS     62-1    2.311e+03 [   0  1.000e+00  4.656e-14  2.029e-08] [  341 -177   65]
 NS     62-2    2.319e+03 [  -3  6.680e-01  3.110e-14  3.047e-08] [  345 -173   67]
 NS     63-1    2.332e+03 [   0  1.000e+00  4.806e-14  2.018e-08] [  349 -177   82]
 NS     63-2    2.340e+03 [  -3  6.553e-01  3.149e-14  3.116e-08] [  362 -173   67]
 NS     64-1    2.347e+03 [   0  1.000e+00  4.924e-14  1.895e-08] [  327 -178   63]
 NS     64-2    2.354e+03 [  -3  6.361e-01  3.132e-14  3.163e-08] [  313 -173   65]
 NS     65-1    2.367e+03 [   0  1.000e+00  4.926e-14  1.956e-08] [  353 -177   82]
 NS     65-2    2.373e+03 [  -4  6.264e-01  3.086e-14  3.026e-08] [  260 -173   62]
 NS     66-1    2.380e+03 [   0  1.000e+00  4.906e-14  1.889e-08] [  333 -178   66]
 NS     66-2    2.386e+03 [  -3  6.407e-01  3.143e-14  3.053e-08] [  260 -173   62]
 NS     67-1    2.400e+03 [   0  1.000e+00  5.006e-14  1.971e-08] [  365 -177   83]
 NS     67-2    2.407e+03 [  -4  6.197e-01  3.102e-14  3.134e-08] [  344 -173   67]
 NS     68-1    2.414e+03 [   0  1.000e+00  4.981e-14  1.974e-08] [  363 -177   69]
 NS     68-2    2.420e+03 [  -4  6.170e-01  3.073e-14  3.162e-08] [  214 -173   58]
 NS     69-1    2.434e+03 [   0  1.000e+00  5.023e-14  1.960e-08] [  359 -177   83]
 NS     69-2    2.441e+03 [  -4  6.255e-01  3.142e-14  3.136e-08] [  324 -173   65]
 NS     70-1    2.448e+03 [   0  1.000e+00  4.871e-14  1.990e-08] [  335 -177   67]
 NS     70-2s   2.455e+03 [  -4  6.256e-01  3.047e-14  3.041e-08] [  352 -173   69]
