# svMultiPhysics boundary integral results file. 
# Quantities represent averaged scalar or flux values over each mesh face.
#        
# Format 
# ------ 
# face areas: [list of mesh face areas]  
# step time [list of mesh face names] 
# [time step] [time] [list of computed values for each mesh face]
face areas:  2.024e-09  5.049e-12  4.356e-12  7.757e-12  4.239e-12 
step   time   WALL  OUTLET_03  OUTLET_01  INLET  OUTLET_02 
 11   1.6544661009e-06  0.0000000000e+00  2.8851405029e-16  1.1660303459e-16  -2.7369132391e-15  2.3331325376e-15 
 12   1.8048721100e-06  0.0000000000e+00  2.8832358063e-16  1.1649970975e-16  -2.7369132391e-15  2.3314217570e-15 
 13   1.9552781192e-06  0.0000000000e+00  2.8841856324e-16  1.1655147072e-16  -2.7369132391e-15  2.3322773010e-15 
 14   2.1056841284e-06  0.0000000000e+00  2.8837130390e-16  1.1652548312e-16  -2.7369132391e-15  2.3318494041e-15 
 15   2.2560901375e-06  0.0000000000e+00  2.8839478579e-16  1.1653856106e-16  -2.7369132391e-15  2.3320634162e-15 
 16   2.4064961467e-06  0.0000000000e+00  2.8838312024e-16  1.1653196701e-16  -2.7369132391e-15  2.3319563899e-15 
 17   2.5569021559e-06  0.0000000000e+00  2.8838892159e-16  1.1653529585e-16  -2.7369132391e-15  2.3320099026e-15 
 18   2.7073081650e-06  0.0000000000e+00  2.8838603096e-16  1.1653361472e-16  -2.7369132391e-15  2.3319831529e-15 
 19   2.8577141742e-06  0.0000000000e+00  2.8838747459e-16  1.1653446341e-16  -2.7369132391e-15  2.3319965213e-15 
 20   3.0081201834e-06  0.0000000000e+00  2.8838675211e-16  1.1653403536e-16  -2.7369132391e-15  2.3319898415e-15 
 21   3.1585261925e-06  0.0000000000e+00  2.8838711420e-16  1.1653425100e-16  -2.7369132391e-15  2.3319931790e-15 
 22   3.3089322017e-06  0.0000000000e+00  2.8838693264e-16  1.1653414249e-16  -2.7369132391e-15  2.3319915114e-15 
 23   3.4593382109e-06  0.0000000000e+00  2.8838702364e-16  1.1653419705e-16  -2.7369132391e-15  2.3319923447e-15 
 24   3.6097442201e-06  0.0000000000e+00  2.8838697808e-16  1.1653416963e-16  -2.7369132391e-15  2.3319919282e-15 
 25   3.7601502292e-06  0.0000000000e+00  2.8838700085e-16  1.1653418341e-16  -2.7369132391e-15  2.3319921364e-15 
 26   3.9105562384e-06  0.0000000000e+00  2.8838698949e-16  1.1653417648e-16  -2.7369132391e-15  2.3319920323e-15 
 27   4.0609622476e-06  0.0000000000e+00  2.8838699515e-16  1.1653417996e-16  -2.7369132391e-15  2.3319920844e-15 
 28   4.2113682567e-06  0.0000000000e+00  2.8838699233e-16  1.1653417821e-16  -2.7369132391e-15  2.3319920584e-15 
 29   4.3617742659e-06  0.0000000000e+00  2.8838699373e-16  1.1653417909e-16  -2.7369132391e-15  2.3319920714e-15 
 30   4.5121802751e-06  0.0000000000e+00  2.8838699303e-16  1.1653417865e-16  -2.7369132391e-15  2.3319920649e-15 
 31   4.6625862842e-06  0.0000000000e+00  2.8838699338e-16  1.1653417887e-16  -2.7369132391e-15  2.3319920681e-15 
 32   4.8129922934e-06  0.0000000000e+00  2.8838699321e-16  1.1653417876e-16  -2.7369132391e-15  2.3319920665e-15 
 33   4.9633983026e-06  0.0000000000e+00  2.8838699330e-16  1.1653417882e-16  -2.7369132391e-15  2.3319920673e-15 
 34   5.1138043117e-06  0.0000000000e+00  2.8838699325e-16  1.1653417879e-16  -2.7369132391e-15  2.3319920669e-15 
 35   5.2642103209e-06  0.0000000000e+00  2.8838699327e-16  1.1653417880e-16  -2.7369132391e-15  2.3319920671e-15 
 36   5.4146163301e-06  0.0000000000e+00  2.8838699326e-16  1.1653417880e-16  -2.7369132391e-15  2.3319920670e-15 
 37   5.5650223392e-06  0.0000000000e+00  2.8838699327e-16  1.1653417880e-16  -2.7369132391e-15  2.3319920670e-15 
 38   5.7154283484e-06  0.0000000000e+00  2.8838699327e-16  1.1653417880e-16  -2.7369132391e-15  2.3319920670e-15 
 39   5.8658343576e-06  0.0000000000e+00  2.8838699327e-16  1.1653417880e-16  -2.7369132391e-15  2.3319920670e-15 
 40   6.0162403668e-06  0.0000000000e+00  2.8838699327e-16  1.1653417880e-16  -2.7369132391e-15  2.3319920670e-15 
 41   6.1666463759e-06  0.0000000000e+00  2.8838699327e-16  1.1653417880e-16  -2.7369132391e-15  2.3319920670e-15 
 42   6.3170523851e-06  0.0000000000e+00  2.8838699327e-16  1.1653417880e-16  -2.7369132391e-15  2.3319920670e-15 
 43   6.4674583943e-06  0.0000000000e+00  2.8838699327e-16  1.1653417880e-16  -2.7369132391e-15  2.3319920670e-15 
 44   6.6178644034e-06  0.0000000000e+00  2.8838699327e-16  1.1653417880e-16  -2.7369132391e-15  2.3319920670e-15 
 45   6.7682704126e-06  0.0000000000e+00  2.8838699327e-16  1.1653417880e-16  -2.7369132391e-15  2.3319920670e-15 
 46   6.9186764218e-06  0.0000000000e+00  2.8838699327e-16  1.1653417880e-16  -2.7369132391e-15  2.3319920670e-15 
 47   7.0690824309e-06  0.0000000000e+00  2.8838699327e-16  1.1653417880e-16  -2.7369132391e-15  2.3319920670e-15 
 48   7.2194884401e-06  0.0000000000e+00  2.8838699327e-16  1.1653417880e-16  -2.7369132391e-15  2.3319920670e-15 
 49   7.3698944493e-06  0.0000000000e+00  2.8838699327e-16  1.1653417880e-16  -2.7369132391e-15  2.3319920670e-15 
 50   7.5203004584e-06  0.0000000000e+00  2.8838699327e-16  1.1653417880e-16  -2.7369132391e-15  2.3319920670e-15 
 51   7.6707064676e-06  0.0000000000e+00  2.8838699327e-16  1.1653417880e-16  -2.7369132391e-15  2.3319920670e-15 
 52   7.8211124768e-06  0.0000000000e+00  2.8838699327e-16  1.1653417880e-16  -2.7369132391e-15  2.3319920670e-15 
 53   7.9715184859e-06  0.0000000000e+00  2.8838699327e-16  1.1653417880e-16  -2.7369132391e-15  2.3319920670e-15 
 54   8.1219244951e-06  0.0000000000e+00  2.8838699327e-16  1.1653417880e-16  -2.7369132391e-15  2.3319920670e-15 
 55   8.2723305043e-06  0.0000000000e+00  2.8838699327e-16  1.1653417880e-16  -2.7369132391e-15  2.3319920670e-15 
 56   8.4227365135e-06  0.0000000000e+00  2.8838699327e-16  1.1653417880e-16  -2.7369132391e-15  2.3319920670e-15 
 57   8.5731425226e-06  0.0000000000e+00  2.8838699327e-16  1.1653417880e-16  -2.7369132391e-15  2.3319920670e-15 
 58   8.7235485318e-06  0.0000000000e+00  2.8838699327e-16  1.1653417880e-16  -2.7369132391e-15  2.3319920670e-15 
 59   8.8739545410e-06  0.0000000000e+00  2.8838699327e-16  1.1653417880e-16  -2.7369132391e-15  2.3319920670e-15 
 60   9.0243605501e-06  0.0000000000e+00  2.8838699327e-16  1.1653417880e-16  -2.7369132391e-15  2.3319920670e-15 
 61   9.1747665593e-06  0.0000000000e+00  2.8838699327e-16  1.1653417880e-16  -2.7369132391e-15  2.3319920670e-15 
 62   9.3251725685e-06  0.0000000000e+00  2.8838699327e-16  1.1653417880e-16  -2.7369132391e-15  2.3319920670e-15 
 63   9.4755785776e-06  0.0000000000e+00  2.8838699327e-16  1.1653417880e-16  -2.7369132391e-15  2.3319920670e-15 
 64   9.6259845868e-06  0.0000000000e+00  2.8838699327e-16  1.1653417880e-16  -2.7369132391e-15  2.3319920670e-15 
 65   9.7763905960e-06  0.0000000000e+00  2.8838699327e-16  1.1653417880e-16  -2.7369132391e-15  2.3319920670e-15 
 66   9.9267966051e-06  0.0000000000e+00  2.8838699327e-16  1.1653417880e-16  -2.7369132391e-15  2.3319920670e-15 
 67   1.0077202614e-05  0.0000000000e+00  2.8838699327e-16  1.1653417880e-16  -2.7369132391e-15  2.3319920670e-15 
 68   1.0227608623e-05  0.0000000000e+00  2.8838699327e-16  1.1653417880e-16  -2.7369132391e-15  2.3319920670e-15 
 69   1.0378014633e-05  0.0000000000e+00  2.8838699327e-16  1.1653417880e-16  -2.7369132391e-15  2.3319920670e-15 
 70   1.0528420642e-05  0.0000000000e+00  2.8838699327e-16  1.1653417880e-16  -2.7369132391e-15  2.3319920670e-15 
 71   1.0678826651e-05  0.0000000000e+00  2.8838699327e-16  1.1653417880e-16  -2.7369132391e-15  2.3319920670e-15 
 72   1.0829232660e-05  0.0000000000e+00  2.8838699327e-16  1.1653417880e-16  -2.7369132391e-15  2.3319920670e-15 
 73   1.0979638669e-05  0.0000000000e+00  2.8838699327e-16  1.1653417880e-16  -2.7369132391e-15  2.3319920670e-15 
 74   1.1130044678e-05  0.0000000000e+00  2.8838699327e-16  1.1653417880e-16  -2.7369132391e-15  2.3319920670e-15 
 75   1.1280450688e-05  0.0000000000e+00  2.8838699327e-16  1.1653417880e-16  -2.7369132391e-15  2.3319920670e-15 
 76   1.1430856697e-05  0.0000000000e+00  2.8838699327e-16  1.1653417880e-16  -2.7369132391e-15  2.3319920670e-15 
 77   1.1581262706e-05  0.0000000000e+00  2.8838699327e-16  1.1653417880e-16  -2.7369132391e-15  2.3319920670e-15 
 78   1.1731668715e-05  0.0000000000e+00  2.8838699327e-16  1.1653417880e-16  -2.7369132391e-15  2.3319920670e-15 
 79   1.1882074724e-05  0.0000000000e+00  2.8838699327e-16  1.1653417880e-16  -2.7369132391e-15  2.3319920670e-15 
 80   1.2032480734e-05  0.0000000000e+00  2.8838699327e-16  1.1653417880e-16  -2.7369132391e-15  2.3319920670e-15 
 81   1.2182886743e-05  0.0000000000e+00  2.8838699327e-16  1.1653417880e-16  -2.7369132391e-15  2.3319920670e-15 
 82   1.2333292752e-05  0.0000000000e+00  2.8838699327e-16  1.1653417880e-16  -2.7369132391e-15  2.3319920670e-15 
 83   1.2483698761e-05  0.0000000000e+00  2.8838699327e-16  1.1653417880e-16  -2.7369132391e-15  2.3319920670e-15 
 84   1.2634104770e-05  0.0000000000e+00  2.8838699327e-16  1.1653417880e-16  -2.7369132391e-15  2.3319920670e-15 
 85   1.2784510779e-05  0.0000000000e+00  2.8838699327e-16  1.1653417880e-16  -2.7369132391e-15  2.3319920670e-15 
 86   1.2934916789e-05  0.0000000000e+00  2.8838699327e-16  1.1653417880e-16  -2.7369132391e-15  2.3319920670e-15 
 87   1.3085322798e-05  0.0000000000e+00  2.8838699327e-16  1.1653417880e-16  -2.7369132391e-15  2.3319920670e-15 
 88   1.3235728807e-05  0.0000000000e+00  2.8838699327e-16  1.1653417880e-16  -2.7369132391e-15  2.3319920670e-15 
 89   1.3386134816e-05  0.0000000000e+00  2.8838699327e-16  1.1653417880e-16  -2.7369132391e-15  2.3319920670e-15 
 90   1.3536540825e-05  0.0000000000e+00  2.8838699327e-16  1.1653417880e-16  -2.7369132391e-15  2.3319920670e-15 
 91   1.3686946834e-05  0.0000000000e+00  2.8838699327e-16  1.1653417880e-16  -2.7369132391e-15  2.3319920670e-15 
 92   1.3837352844e-05  0.0000000000e+00  2.8838699327e-16  1.1653417880e-16  -2.7369132391e-15  2.3319920670e-15 
 93   1.3987758853e-05  0.0000000000e+00  2.8838699327e-16  1.1653417880e-16  -2.7369132391e-15  2.3319920670e-15 
 94   1.4138164862e-05  0.0000000000e+00  2.8838699327e-16  1.1653417880e-16  -2.7369132391e-15  2.3319920670e-15 
 95   1.4288570871e-05  0.0000000000e+00  2.8838699327e-16  1.1653417880e-16  -2.7369132391e-15  2.3319920670e-15 
 96   1.4438976880e-05  0.0000000000e+00  2.8838699327e-16  1.1653417880e-16  -2.7369132391e-15  2.3319920670e-15 
 97   1.4589382889e-05  0.0000000000e+00  2.8838699327e-16  1.1653417880e-16  -2.7369132391e-15  2.3319920670e-15 
 98   1.4739788899e-05  0.0000000000e+00  2.8838699327e-16  1.1653417880e-16  -2.7369132391e-15  2.3319920670e-15 
 99   1.4890194908e-05  0.0000000000e+00  2.8838699327e-16  1.1653417880e-16  -2.7369132391e-15  2.3319920670e-15 
 100   1.5040600917e-05  0.0000000000e+00  2.8838699327e-16  1.1653417880e-16  -2.7369132391e-15  2.3319920670e-15 
 101   1.5191006926e-05  0.0000000000e+00  2.8838699327e-16  1.1653417880e-16  -2.7369132391e-15  2.3319920670e-15 
 102   1.5341412935e-05  0.0000000000e+00  2.8838699327e-16  1.1653417880e-16  -2.7369132391e-15  2.3319920670e-15 
 103   1.5491818944e-05  0.0000000000e+00  2.8838699327e-16  1.1653417880e-16  -2.7369132391e-15  2.3319920670e-15 
 104   1.5642224954e-05  0.0000000000e+00  2.8838699327e-16  1.1653417880e-16  -2.7369132391e-15  2.3319920670e-15 
 105   1.5792630963e-05  0.0000000000e+00  2.8838699327e-16  1.1653417880e-16  -2.7369132391e-15  2.3319920670e-15 
 106   1.5943036972e-05  0.0000000000e+00  2.8838699327e-16  1.1653417880e-16  -2.7369132391e-15  2.3319920670e-15 
 107   1.6093442981e-05  0.0000000000e+00  2.8838699327e-16  1.1653417880e-16  -2.7369132391e-15  2.3319920670e-15 
 108   1.6243848990e-05  0.0000000000e+00  2.8838699327e-16  1.1653417880e-16  -2.7369132391e-15  2.3319920670e-15 
 109   1.6394254999e-05  0.0000000000e+00  2.8838699327e-16  1.1653417880e-16  -2.7369132391e-15  2.3319920670e-15 
 110   1.6544661009e-05  0.0000000000e+00  2.8838699327e-16  1.1653417880e-16  -2.7369132391e-15  2.3319920670e-15 
 111   1.6695067018e-05  0.0000000000e+00  2.8838699327e-16  1.1653417880e-16  -2.7369132391e-15  2.3319920670e-15 
 112   1.6845473027e-05  0.0000000000e+00  2.8838699327e-16  1.1653417880e-16  -2.7369132391e-15  2.3319920670e-15 
 113   1.6995879036e-05  0.0000000000e+00  2.8838699327e-16  1.1653417880e-16  -2.7369132391e-15  2.3319920670e-15 
 114   1.7146285045e-05  0.0000000000e+00  2.8838699327e-16  1.1653417880e-16  -2.7369132391e-15  2.3319920670e-15 
 115   1.7296691054e-05  0.0000000000e+00  2.8838699327e-16  1.1653417880e-16  -2.7369132391e-15  2.3319920670e-15 
 116   1.7447097064e-05  0.0000000000e+00  2.8838699327e-16  1.1653417880e-16  -2.7369132391e-15  2.3319920670e-15 
 117   1.7597503073e-05  0.0000000000e+00  2.8838699327e-16  1.1653417880e-16  -2.7369132391e-15  2.3319920670e-15 
 118   1.7747909082e-05  0.0000000000e+00  2.8838699327e-16  1.1653417880e-16  -2.7369132391e-15  2.3319920670e-15 
 119   1.7898315091e-05  0.0000000000e+00  2.8838699327e-16  1.1653417880e-16  -2.7369132391e-15  2.3319920670e-15 
 120   1.8048721100e-05  0.0000000000e+00  2.8838699327e-16  1.1653417880e-16  -2.7369132391e-15  2.3319920670e-15 
 121   1.8199127109e-05  0.0000000000e+00  2.8838699327e-16  1.1653417880e-16  -2.7369132391e-15  2.3319920670e-15 
 122   1.8349533119e-05  0.0000000000e+00  2.8838699327e-16  1.1653417880e-16  -2.7369132391e-15  2.3319920670e-15 
 123   1.8499939128e-05  0.0000000000e+00  2.8838699327e-16  1.1653417880e-16  -2.7369132391e-15  2.3319920670e-15 
 124   1.8650345137e-05  0.0000000000e+00  2.8838699327e-16  1.1653417880e-16  -2.7369132391e-15  2.3319920670e-15 
 125   1.8800751146e-05  0.0000000000e+00  2.8838699327e-16  1.1653417880e-16  -2.7369132391e-15  2.3319920670e-15 
 126   1.8951157155e-05  0.0000000000e+00  2.8838699327e-16  1.1653417880e-16  -2.7369132391e-15  2.3319920670e-15 
 127   1.9101563164e-05  0.0000000000e+00  2.8838699327e-16  1.1653417880e-16  -2.7369132391e-15  2.3319920670e-15 
 128   1.9251969174e-05  0.0000000000e+00  2.8838699327e-16  1.1653417880e-16  -2.7369132391e-15  2.3319920670e-15 
 129   1.9402375183e-05  0.0000000000e+00  2.8838699327e-16  1.1653417880e-16  -2.7369132391e-15  2.3319920670e-15 
 130   1.9552781192e-05  0.0000000000e+00  2.8838699327e-16  1.1653417880e-16  -2.7369132391e-15  2.3319920670e-15 
 131   1.9703187201e-05  0.0000000000e+00  2.8838699327e-16  1.1653417880e-16  -2.7369132391e-15  2.3319920670e-15 
 132   1.9853593210e-05  0.0000000000e+00  2.8838699327e-16  1.1653417880e-16  -2.7369132391e-15  2.3319920670e-15 
 133   2.0003999219e-05  0.0000000000e+00  2.8838699327e-16  1.1653417880e-16  -2.7369132391e-15  2.3319920670e-15 
 134   2.0154405229e-05  0.0000000000e+00  2.8838699327e-16  1.1653417880e-16  -2.7369132391e-15  2.3319920670e-15 
 135   2.0304811238e-05  0.0000000000e+00  2.8838699327e-16  1.1653417880e-16  -2.7369132391e-15  2.3319920670e-15 
 136   2.0455217247e-05  0.0000000000e+00  2.8838699327e-16  1.1653417880e-16  -2.7369132391e-15  2.3319920670e-15 
 137   2.0605623256e-05  0.0000000000e+00  2.8838699327e-16  1.1653417880e-16  -2.7369132391e-15  2.3319920670e-15 
 138   2.0756029265e-05  0.0000000000e+00  2.8838699327e-16  1.1653417880e-16  -2.7369132391e-15  2.3319920670e-15 
 139   2.0906435274e-05  0.0000000000e+00  2.8838699327e-16  1.1653417880e-16  -2.7369132391e-15  2.3319920670e-15 
 140   2.1056841284e-05  0.0000000000e+00  2.8838699327e-16  1.1653417880e-16  -2.7369132391e-15  2.3319920670e-15 
 141   2.1207247293e-05  0.0000000000e+00  2.8838699327e-16  1.1653417880e-16  -2.7369132391e-15  2.3319920670e-15 
 142   2.1357653302e-05  0.0000000000e+00  2.8838699327e-16  1.1653417880e-16  -2.7369132391e-15  2.3319920670e-15 
 143   2.1508059311e-05  0.0000000000e+00  2.8838699327e-16  1.1653417880e-16  -2.7369132391e-15  2.3319920670e-15 
 144   2.1658465320e-05  0.0000000000e+00  2.8838699327e-16  1.1653417880e-16  -2.7369132391e-15  2.3319920670e-15 
 145   2.1808871329e-05  0.0000000000e+00  2.8838699327e-16  1.1653417880e-16  -2.7369132391e-15  2.3319920670e-15 
 146   2.1959277339e-05  0.0000000000e+00  2.8838699327e-16  1.1653417880e-16  -2.7369132391e-15  2.3319920670e-15 
 147   2.2109683348e-05  0.0000000000e+00  2.8838699327e-16  1.1653417880e-16  -2.7369132391e-15  2.3319920670e-15 
 148   2.2260089357e-05  0.0000000000e+00  2.8838699327e-16  1.1653417880e-16  -2.7369132391e-15  2.3319920670e-15 
 149   2.2410495366e-05  0.0000000000e+00  2.8838699327e-16  1.1653417880e-16  -2.7369132391e-15  2.3319920670e-15 
 150   2.2560901375e-05  0.0000000000e+00  2.8838699327e-16  1.1653417880e-16  -2.7369132391e-15  2.3319920670e-15 
 151   2.2711307384e-05  0.0000000000e+00  2.8838699327e-16  1.1653417880e-16  -2.7369132391e-15  2.3319920670e-15 
 152   2.2861713394e-05  0.0000000000e+00  2.8838699327e-16  1.1653417880e-16  -2.7369132391e-15  2.3319920670e-15 
 153   2.3012119403e-05  0.0000000000e+00  2.8838699327e-16  1.1653417880e-16  -2.7369132391e-15  2.3319920670e-15 
 154   2.3162525412e-05  0.0000000000e+00  2.8838699327e-16  1.1653417880e-16  -2.7369132391e-15  2.3319920670e-15 
 155   2.3312931421e-05  0.0000000000e+00  2.8838699327e-16  1.1653417880e-16  -2.7369132391e-15  2.3319920670e-15 
 156   2.3463337430e-05  0.0000000000e+00  2.8838699327e-16  1.1653417880e-16  -2.7369132391e-15  2.3319920670e-15 
 157   2.3613743440e-05  0.0000000000e+00  2.8838699327e-16  1.1653417880e-16  -2.7369132391e-15  2.3319920670e-15 
 158   2.3764149449e-05  0.0000000000e+00  2.8838699327e-16  1.1653417880e-16  -2.7369132391e-15  2.3319920670e-15 
 159   2.3914555458e-05  0.0000000000e+00  2.8838699327e-16  1.1653417880e-16  -2.7369132391e-15  2.3319920670e-15 
 160   2.4064961467e-05  0.0000000000e+00  2.8838699327e-16  1.1653417880e-16  -2.7369132391e-15  2.3319920670e-15 
 161   2.4215367476e-05  0.0000000000e+00  2.8838699327e-16  1.1653417880e-16  -2.7369132391e-15  2.3319920670e-15 
 162   2.4365773485e-05  0.0000000000e+00  2.8838699327e-16  1.1653417880e-16  -2.7369132391e-15  2.3319920670e-15 
 163   2.4516179495e-05  0.0000000000e+00  2.8838699327e-16  1.1653417880e-16  -2.7369132391e-15  2.3319920670e-15 
 164   2.4666585504e-05  0.0000000000e+00  2.8838699327e-16  1.1653417880e-16  -2.7369132391e-15  2.3319920670e-15 
 165   2.4816991513e-05  0.0000000000e+00  2.8838699327e-16  1.1653417880e-16  -2.7369132391e-15  2.3319920670e-15 
 166   2.4967397522e-05  0.0000000000e+00  2.8838699327e-16  1.1653417880e-16  -2.7369132391e-15  2.3319920670e-15 
 167   2.5117803531e-05  0.0000000000e+00  2.8838699327e-16  1.1653417880e-16  -2.7369132391e-15  2.3319920670e-15 
 168   2.5268209540e-05  0.0000000000e+00  2.8838699327e-16  1.1653417880e-16  -2.7369132391e-15  2.3319920670e-15 
 169   2.5418615550e-05  0.0000000000e+00  2.8838699327e-16  1.1653417880e-16  -2.7369132391e-15  2.3319920670e-15 
 170   2.5569021559e-05  0.0000000000e+00  2.8838699327e-16  1.1653417880e-16  -2.7369132391e-15  2.3319920670e-15 
 171   2.5719427568e-05  0.0000000000e+00  2.8838699327e-16  1.1653417880e-16  -2.7369132391e-15  2.3319920670e-15 
 172   2.5869833577e-05  0.0000000000e+00  2.8838699327e-16  1.1653417880e-16  -2.7369132391e-15  2.3319920670e-15 
 173   2.6020239586e-05  0.0000000000e+00  2.8838699327e-16  1.1653417880e-16  -2.7369132391e-15  2.3319920670e-15 
 174   2.6170645595e-05  0.0000000000e+00  2.8838699327e-16  1.1653417880e-16  -2.7369132391e-15  2.3319920670e-15 
 175   2.6321051605e-05  0.0000000000e+00  2.8838699327e-16  1.1653417880e-16  -2.7369132391e-15  2.3319920670e-15 
 176   2.6471457614e-05  0.0000000000e+00  2.8838699327e-16  1.1653417880e-16  -2.7369132391e-15  2.3319920670e-15 
 177   2.6621863623e-05  0.0000000000e+00  2.8838699327e-16  1.1653417880e-16  -2.7369132391e-15  2.3319920670e-15 
 178   2.6772269632e-05  0.0000000000e+00  2.8838699327e-16  1.1653417880e-16  -2.7369132391e-15  2.3319920670e-15 
 179   2.6922675641e-05  0.0000000000e+00  2.8838699327e-16  1.1653417880e-16  -2.7369132391e-15  2.3319920670e-15 
 180   2.7073081650e-05  0.0000000000e+00  2.8838699327e-16  1.1653417880e-16  -2.7369132391e-15  2.3319920670e-15 
 181   2.7223487660e-05  0.0000000000e+00  2.8838699327e-16  1.1653417880e-16  -2.7369132391e-15  2.3319920670e-15 
 182   2.7373893669e-05  0.0000000000e+00  2.8838699327e-16  1.1653417880e-16  -2.7369132391e-15  2.3319920670e-15 
 183   2.7524299678e-05  0.0000000000e+00  2.8838699327e-16  1.1653417880e-16  -2.7369132391e-15  2.3319920670e-15 
 184   2.7674705687e-05  0.0000000000e+00  2.8838699327e-16  1.1653417880e-16  -2.7369132391e-15  2.3319920670e-15 
 185   2.7825111696e-05  0.0000000000e+00  2.8838699327e-16  1.1653417880e-16  -2.7369132391e-15  2.3319920670e-15 
 186   2.7975517705e-05  0.0000000000e+00  2.8838699327e-16  1.1653417880e-16  -2.7369132391e-15  2.3319920670e-15 
 187   2.8125923715e-05  0.0000000000e+00  2.8838699327e-16  1.1653417880e-16  -2.7369132391e-15  2.3319920670e-15 
 188   2.8276329724e-05  0.0000000000e+00  2.8838699327e-16  1.1653417880e-16  -2.7369132391e-15  2.3319920670e-15 
 189   2.8426735733e-05  0.0000000000e+00  2.8838699327e-16  1.1653417880e-16  -2.7369132391e-15  2.3319920670e-15 
 190   2.8577141742e-05  0.0000000000e+00  2.8838699327e-16  1.1653417880e-16  -2.7369132391e-15  2.3319920670e-15 
 191   2.8727547751e-05  0.0000000000e+00  2.8838699327e-16  1.1653417880e-16  -2.7369132391e-15  2.3319920670e-15 
 192   2.8877953760e-05  0.0000000000e+00  2.8838699327e-16  1.1653417880e-16  -2.7369132391e-15  2.3319920670e-15 
 193   2.9028359770e-05  0.0000000000e+00  2.8838699327e-16  1.1653417880e-16  -2.7369132391e-15  2.3319920670e-15 
 194   2.9178765779e-05  0.0000000000e+00  2.8838699327e-16  1.1653417880e-16  -2.7369132391e-15  2.3319920670e-15 
 195   2.9329171788e-05  0.0000000000e+00  2.8838699327e-16  1.1653417880e-16  -2.7369132391e-15  2.3319920670e-15 
 196   2.9479577797e-05  0.0000000000e+00  2.8838699327e-16  1.1653417880e-16  -2.7369132391e-15  2.3319920670e-15 
 197   2.9629983806e-05  0.0000000000e+00  2.8838699327e-16  1.1653417880e-16  -2.7369132391e-15  2.3319920670e-15 
 198   2.9780389815e-05  0.0000000000e+00  2.8838699327e-16  1.1653417880e-16  -2.7369132391e-15  2.3319920670e-15 
 199   2.9930795825e-05  0.0000000000e+00  2.8838699327e-16  1.1653417880e-16  -2.7369132391e-15  2.3319920670e-15 
 200   3.0081201834e-05  0.0000000000e+00  2.8838699327e-16  1.1653417880e-16  -2.7369132391e-15  2.3319920670e-15 
 201   3.0231607843e-05  0.0000000000e+00  2.8838699327e-16  1.1653417880e-16  -2.7369132391e-15  2.3319920670e-15 
 202   3.0382013852e-05  0.0000000000e+00  2.8838699327e-16  1.1653417880e-16  -2.7369132391e-15  2.3319920670e-15 
 203   3.0532419861e-05  0.0000000000e+00  2.8838699327e-16  1.1653417880e-16  -2.7369132391e-15  2.3319920670e-15 
 204   3.0682825870e-05  0.0000000000e+00  2.8838699327e-16  1.1653417880e-16  -2.7369132391e-15  2.3319920670e-15 
 205   3.0833231880e-05  0.0000000000e+00  2.8838699327e-16  1.1653417880e-16  -2.7369132391e-15  2.3319920670e-15 
 206   3.0983637889e-05  0.0000000000e+00  2.8838699327e-16  1.1653417880e-16  -2.7369132391e-15  2.3319920670e-15 
 207   3.1134043898e-05  0.0000000000e+00  2.8838699327e-16  1.1653417880e-16  -2.7369132391e-15  2.3319920670e-15 
 208   3.1284449907e-05  0.0000000000e+00  2.8838699327e-16  1.1653417880e-16  -2.7369132391e-15  2.3319920670e-15 
 209   3.1434855916e-05  0.0000000000e+00  2.8838699327e-16  1.1653417880e-16  -2.7369132391e-15  2.3319920670e-15 
 210   3.1585261925e-05  0.0000000000e+00  2.8838699327e-16  1.1653417880e-16  -2.7369132391e-15  2.3319920670e-15 
 211   3.1735667935e-05  0.0000000000e+00  2.8838699327e-16  1.1653417880e-16  -2.7369132391e-15  2.3319920670e-15 
 212   3.1886073944e-05  0.0000000000e+00  2.8838699327e-16  1.1653417880e-16  -2.7369132391e-15  2.3319920670e-15 
 213   3.2036479953e-05  0.0000000000e+00  2.8838699327e-16  1.1653417880e-16  -2.7369132391e-15  2.3319920670e-15 
 214   3.2186885962e-05  0.0000000000e+00  2.8838699327e-16  1.1653417880e-16  -2.7369132391e-15  2.3319920670e-15 
 215   3.2337291971e-05  0.0000000000e+00  2.8838699327e-16  1.1653417880e-16  -2.7369132391e-15  2.3319920670e-15 
 216   3.2487697980e-05  0.0000000000e+00  2.8838699327e-16  1.1653417880e-16  -2.7369132391e-15  2.3319920670e-15 
 217   3.2638103990e-05  0.0000000000e+00  2.8838699327e-16  1.1653417880e-16  -2.7369132391e-15  2.3319920670e-15 
 218   3.2788509999e-05  0.0000000000e+00  2.8838699327e-16  1.1653417880e-16  -2.7369132391e-15  2.3319920670e-15 
 219   3.2938916008e-05  0.0000000000e+00  2.8838699327e-16  1.1653417880e-16  -2.7369132391e-15  2.3319920670e-15 
 220   3.3089322017e-05  0.0000000000e+00  2.8838699327e-16  1.1653417880e-16  -2.7369132391e-15  2.3319920670e-15 
 221   3.3239728026e-05  0.0000000000e+00  2.8838699327e-16  1.1653417880e-16  -2.7369132391e-15  2.3319920670e-15 
 222   3.3390134035e-05  0.0000000000e+00  2.8838699327e-16  1.1653417880e-16  -2.7369132391e-15  2.3319920670e-15 
 223   3.3540540045e-05  0.0000000000e+00  2.8838699327e-16  1.1653417880e-16  -2.7369132391e-15  2.3319920670e-15 
 224   3.3690946054e-05  0.0000000000e+00  2.8838699327e-16  1.1653417880e-16  -2.7369132391e-15  2.3319920670e-15 
 225   3.3841352063e-05  0.0000000000e+00  2.8838699327e-16  1.1653417880e-16  -2.7369132391e-15  2.3319920670e-15 
 226   3.3991758072e-05  0.0000000000e+00  2.8838699327e-16  1.1653417880e-16  -2.7369132391e-15  2.3319920670e-15 
 227   3.4142164081e-05  0.0000000000e+00  2.8838699327e-16  1.1653417880e-16  -2.7369132391e-15  2.3319920670e-15 
 228   3.4292570090e-05  0.0000000000e+00  2.8838699327e-16  1.1653417880e-16  -2.7369132391e-15  2.3319920670e-15 
 229   3.4442976100e-05  0.0000000000e+00  2.8838699327e-16  1.1653417880e-16  -2.7369132391e-15  2.3319920670e-15 
 230   3.4593382109e-05  0.0000000000e+00  2.8838699327e-16  1.1653417880e-16  -2.7369132391e-15  2.3319920670e-15 
 231   3.4743788118e-05  0.0000000000e+00  2.8838699327e-16  1.1653417880e-16  -2.7369132391e-15  2.3319920670e-15 
 232   3.4894194127e-05  0.0000000000e+00  2.8838699327e-16  1.1653417880e-16  -2.7369132391e-15  2.3319920670e-15 
 233   3.5044600136e-05  0.0000000000e+00  2.8838699327e-16  1.1653417880e-16  -2.7369132391e-15  2.3319920670e-15 
 234   3.5195006146e-05  0.0000000000e+00  2.8838699327e-16  1.1653417880e-16  -2.7369132391e-15  2.3319920670e-15 
 235   3.5345412155e-05  0.0000000000e+00  2.8838699327e-16  1.1653417880e-16  -2.7369132391e-15  2.3319920670e-15 
 236   3.5495818164e-05  0.0000000000e+00  2.8838699327e-16  1.1653417880e-16  -2.7369132391e-15  2.3319920670e-15 
 237   3.5646224173e-05  0.0000000000e+00  2.8838699327e-16  1.1653417880e-16  -2.7369132391e-15  2.3319920670e-15 
 238   3.5796630182e-05  0.0000000000e+00  2.8838699327e-16  1.1653417880e-16  -2.7369132391e-15  2.3319920670e-15 
 239   3.5947036191e-05  0.0000000000e+00  2.8838699327e-16  1.1653417880e-16  -2.7369132391e-15  2.3319920670e-15 
 240   3.6097442201e-05  0.0000000000e+00  2.8838699327e-16  1.1653417880e-16  -2.7369132391e-15  2.3319920670e-15 
 241   3.6247848210e-05  0.0000000000e+00  2.8838699327e-16  1.1653417880e-16  -2.7369132391e-15  2.3319920670e-15 
 242   3.6398254219e-05  0.0000000000e+00  2.8838699327e-16  1.1653417880e-16  -2.7369132391e-15  2.3319920670e-15 
 243   3.6548660228e-05  0.0000000000e+00  2.8838699327e-16  1.1653417880e-16  -2.7369132391e-15  2.3319920670e-15 
 244   3.6699066237e-05  0.0000000000e+00  2.8838699327e-16  1.1653417880e-16  -2.7369132391e-15  2.3319920670e-15 
 245   3.6849472246e-05  0.0000000000e+00  2.8838699327e-16  1.1653417880e-16  -2.7369132391e-15  2.3319920670e-15 
 246   3.6999878256e-05  0.0000000000e+00  2.8838699327e-16  1.1653417880e-16  -2.7369132391e-15  2.3319920670e-15 
 247   3.7150284265e-05  0.0000000000e+00  2.8838699327e-16  1.1653417880e-16  -2.7369132391e-15  2.3319920670e-15 
 248   3.7300690274e-05  0.0000000000e+00  2.8838699327e-16  1.1653417880e-16  -2.7369132391e-15  2.3319920670e-15 
 249   3.7451096283e-05  0.0000000000e+00  2.8838699327e-16  1.1653417880e-16  -2.7369132391e-15  2.3319920670e-15 
 250   3.7601502292e-05  0.0000000000e+00  2.8838699327e-16  1.1653417880e-16  -2.7369132391e-15  2.3319920670e-15 
 251   3.7751908301e-05  0.0000000000e+00  2.8838699327e-16  1.1653417880e-16  -2.7369132391e-15  2.3319920670e-15 
 252   3.7902314311e-05  0.0000000000e+00  2.8838699327e-16  1.1653417880e-16  -2.7369132391e-15  2.3319920670e-15 
 253   3.8052720320e-05  0.0000000000e+00  2.8838699327e-16  1.1653417880e-16  -2.7369132391e-15  2.3319920670e-15 
 254   3.8203126329e-05  0.0000000000e+00  2.8838699327e-16  1.1653417880e-16  -2.7369132391e-15  2.3319920670e-15 
 255   3.8353532338e-05  0.0000000000e+00  2.8838699327e-16  1.1653417880e-16  -2.7369132391e-15  2.3319920670e-15 
 256   3.8503938347e-05  0.0000000000e+00  2.8838699327e-16  1.1653417880e-16  -2.7369132391e-15  2.3319920670e-15 
 257   3.8654344356e-05  0.0000000000e+00  2.8838699327e-16  1.1653417880e-16  -2.7369132391e-15  2.3319920670e-15 
 258   3.8804750366e-05  0.0000000000e+00  2.8838699327e-16  1.1653417880e-16  -2.7369132391e-15  2.3319920670e-15 
 259   3.8955156375e-05  0.0000000000e+00  2.8838699327e-16  1.1653417880e-16  -2.7369132391e-15  2.3319920670e-15 
 260   3.9105562384e-05  0.0000000000e+00  2.8838699327e-16  1.1653417880e-16  -2.7369132391e-15  2.3319920670e-15 
 261   3.9255968393e-05  0.0000000000e+00  2.8838699327e-16  1.1653417880e-16  -2.7369132391e-15  2.3319920670e-15 
 262   3.9406374402e-05  0.0000000000e+00  2.8838699327e-16  1.1653417880e-16  -2.7369132391e-15  2.3319920670e-15 
 263   3.9556780411e-05  0.0000000000e+00  2.8838699327e-16  1.1653417880e-16  -2.7369132391e-15  2.3319920670e-15 
 264   3.9707186421e-05  0.0000000000e+00  2.8838699327e-16  1.1653417880e-16  -2.7369132391e-15  2.3319920670e-15 
 265   3.9857592430e-05  0.0000000000e+00  2.8838699327e-16  1.1653417880e-16  -2.7369132391e-15  2.3319920670e-15 
 266   4.0007998439e-05  0.0000000000e+00  2.8838699327e-16  1.1653417880e-16  -2.7369132391e-15  2.3319920670e-15 
 267   4.0158404448e-05  0.0000000000e+00  2.8838699327e-16  1.1653417880e-16  -2.7369132391e-15  2.3319920670e-15 
 268   4.0308810457e-05  0.0000000000e+00  2.8838699327e-16  1.1653417880e-16  -2.7369132391e-15  2.3319920670e-15 
 269   4.0459216466e-05  0.0000000000e+00  2.8838699327e-16  1.1653417880e-16  -2.7369132391e-15  2.3319920670e-15 
 270   4.0609622476e-05  0.0000000000e+00  2.8838699327e-16  1.1653417880e-16  -2.7369132391e-15  2.3319920670e-15 
 271   4.0760028485e-05  0.0000000000e+00  2.8838699327e-16  1.1653417880e-16  -2.7369132391e-15  2.3319920670e-15 
 272   4.0910434494e-05  0.0000000000e+00  2.8838699327e-16  1.1653417880e-16  -2.7369132391e-15  2.3319920670e-15 
 273   4.1060840503e-05  0.0000000000e+00  2.8838699327e-16  1.1653417880e-16  -2.7369132391e-15  2.3319920670e-15 
 274   4.1211246512e-05  0.0000000000e+00  2.8838699327e-16  1.1653417880e-16  -2.7369132391e-15  2.3319920670e-15 
 275   4.1361652521e-05  0.0000000000e+00  2.8838699327e-16  1.1653417880e-16  -2.7369132391e-15  2.3319920670e-15 
 276   4.1512058531e-05  0.0000000000e+00  2.8838699327e-16  1.1653417880e-16  -2.7369132391e-15  2.3319920670e-15 
 277   4.1662464540e-05  0.0000000000e+00  2.8838699327e-16  1.1653417880e-16  -2.7369132391e-15  2.3319920670e-15 
 278   4.1812870549e-05  0.0000000000e+00  2.8838699327e-16  1.1653417880e-16  -2.7369132391e-15  2.3319920670e-15 
 279   4.1963276558e-05  0.0000000000e+00  2.8838699327e-16  1.1653417880e-16  -2.7369132391e-15  2.3319920670e-15 
 280   4.2113682567e-05  0.0000000000e+00  2.8838699327e-16  1.1653417880e-16  -2.7369132391e-15  2.3319920670e-15 
 281   4.2264088576e-05  0.0000000000e+00  2.8838699327e-16  1.1653417880e-16  -2.7369132391e-15  2.3319920670e-15 
 282   4.2414494586e-05  0.0000000000e+00  2.8838699327e-16  1.1653417880e-16  -2.7369132391e-15  2.3319920670e-15 
 283   4.2564900595e-05  0.0000000000e+00  2.8838699327e-16  1.1653417880e-16  -2.7369132391e-15  2.3319920670e-15 
 284   4.2715306604e-05  0.0000000000e+00  2.8838699327e-16  1.1653417880e-16  -2.7369132391e-15  2.3319920670e-15 
 285   4.2865712613e-05  0.0000000000e+00  2.8838699327e-16  1.1653417880e-16  -2.7369132391e-15  2.3319920670e-15 
 286   4.3016118622e-05  0.0000000000e+00  2.8838699327e-16  1.1653417880e-16  -2.7369132391e-15  2.3319920670e-15 
 287   4.3166524631e-05  0.0000000000e+00  2.8838699327e-16  1.1653417880e-16  -2.7369132391e-15  2.3319920670e-15 
 288   4.3316930641e-05  0.0000000000e+00  2.8838699327e-16  1.1653417880e-16  -2.7369132391e-15  2.3319920670e-15 
 289   4.3467336650e-05  0.0000000000e+00  2.8838699327e-16  1.1653417880e-16  -2.7369132391e-15  2.3319920670e-15 
 290   4.3617742659e-05  0.0000000000e+00  2.8838699327e-16  1.1653417880e-16  -2.7369132391e-15  2.3319920670e-15 
 291   4.3768148668e-05  0.0000000000e+00  2.8838699327e-16  1.1653417880e-16  -2.7369132391e-15  2.3319920670e-15 
 292   4.3918554677e-05  0.0000000000e+00  2.8838699327e-16  1.1653417880e-16  -2.7369132391e-15  2.3319920670e-15 
 293   4.4068960686e-05  0.0000000000e+00  2.8838699327e-16  1.1653417880e-16  -2.7369132391e-15  2.3319920670e-15 
 294   4.4219366696e-05  0.0000000000e+00  2.8838699327e-16  1.1653417880e-16  -2.7369132391e-15  2.3319920670e-15 
 295   4.4369772705e-05  0.0000000000e+00  2.8838699327e-16  1.1653417880e-16  -2.7369132391e-15  2.3319920670e-15 
 296   4.4520178714e-05  0.0000000000e+00  2.8838699327e-16  1.1653417880e-16  -2.7369132391e-15  2.3319920670e-15 
 297   4.4670584723e-05  0.0000000000e+00  2.8838699327e-16  1.1653417880e-16  -2.7369132391e-15  2.3319920670e-15 
 298   4.4820990732e-05  0.0000000000e+00  2.8838699327e-16  1.1653417880e-16  -2.7369132391e-15  2.3319920670e-15 
 299   4.4971396741e-05  0.0000000000e+00  2.8838699327e-16  1.1653417880e-16  -2.7369132391e-15  2.3319920670e-15 
 300   4.5121802751e-05  0.0000000000e+00  2.8838699327e-16  1.1653417880e-16  -2.7369132391e-15  2.3319920670e-15 
 301   4.5272208760e-05  0.0000000000e+00  2.8838699327e-16  1.1653417880e-16  -2.7369132391e-15  2.3319920670e-15 
 302   4.5422614769e-05  0.0000000000e+00  2.8838699327e-16  1.1653417880e-16  -2.7369132391e-15  2.3319920670e-15 
 303   4.5573020778e-05  0.0000000000e+00  2.8838699327e-16  1.1653417880e-16  -2.7369132391e-15  2.3319920670e-15 
 304   4.5723426787e-05  0.0000000000e+00  2.8838699327e-16  1.1653417880e-16  -2.7369132391e-15  2.3319920670e-15 
 305   4.5873832796e-05  0.0000000000e+00  2.8838699327e-16  1.1653417880e-16  -2.7369132391e-15  2.3319920670e-15 
 306   4.6024238806e-05  0.0000000000e+00  2.8838699327e-16  1.1653417880e-16  -2.7369132391e-15  2.3319920670e-15 
 307   4.6174644815e-05  0.0000000000e+00  2.8838699327e-16  1.1653417880e-16  -2.7369132391e-15  2.3319920670e-15 
 308   4.6325050824e-05  0.0000000000e+00  2.8838699327e-16  1.1653417880e-16  -2.7369132391e-15  2.3319920670e-15 
 309   4.6475456833e-05  0.0000000000e+00  2.8838699327e-16  1.1653417880e-16  -2.7369132391e-15  2.3319920670e-15 
 310   4.6625862842e-05  0.0000000000e+00  2.8838699327e-16  1.1653417880e-16  -2.7369132391e-15  2.3319920670e-15 
 311   4.6776268852e-05  0.0000000000e+00  2.8838699327e-16  1.1653417880e-16  -2.7369132391e-15  2.3319920670e-15 
 312   4.6926674861e-05  0.0000000000e+00  2.8838699327e-16  1.1653417880e-16  -2.7369132391e-15  2.3319920670e-15 
 313   4.7077080870e-05  0.0000000000e+00  2.8838699327e-16  1.1653417880e-16  -2.7369132391e-15  2.3319920670e-15 
 314   4.7227486879e-05  0.0000000000e+00  2.8838699327e-16  1.1653417880e-16  -2.7369132391e-15  2.3319920670e-15 
 315   4.7377892888e-05  0.0000000000e+00  2.8838699327e-16  1.1653417880e-16  -2.7369132391e-15  2.3319920670e-15 
 316   4.7528298897e-05  0.0000000000e+00  2.8838699327e-16  1.1653417880e-16  -2.7369132391e-15  2.3319920670e-15 
 317   4.7678704907e-05  0.0000000000e+00  2.8838699327e-16  1.1653417880e-16  -2.7369132391e-15  2.3319920670e-15 
 318   4.7829110916e-05  0.0000000000e+00  2.8838699327e-16  1.1653417880e-16  -2.7369132391e-15  2.3319920670e-15 
 319   4.7979516925e-05  0.0000000000e+00  2.8838699327e-16  1.1653417880e-16  -2.7369132391e-15  2.3319920670e-15 
 320   4.8129922934e-05  0.0000000000e+00  2.8838699327e-16  1.1653417880e-16  -2.7369132391e-15  2.3319920670e-15 
 321   4.8280328943e-05  0.0000000000e+00  2.8838699327e-16  1.1653417880e-16  -2.7369132391e-15  2.3319920670e-15 
 322   4.8430734952e-05  0.0000000000e+00  2.8838699327e-16  1.1653417880e-16  -2.7369132391e-15  2.3319920670e-15 
 323   4.8581140962e-05  0.0000000000e+00  2.8838699327e-16  1.1653417880e-16  -2.7369132391e-15  2.3319920670e-15 
 324   4.8731546971e-05  0.0000000000e+00  2.8838699327e-16  1.1653417880e-16  -2.7369132391e-15  2.3319920670e-15 
 325   4.8881952980e-05  0.0000000000e+00  2.8838699327e-16  1.1653417880e-16  -2.7369132391e-15  2.3319920670e-15 
 326   4.9032358989e-05  0.0000000000e+00  2.8838699327e-16  1.1653417880e-16  -2.7369132391e-15  2.3319920670e-15 
 327   4.9182764998e-05  0.0000000000e+00  2.8838699327e-16  1.1653417880e-16  -2.7369132391e-15  2.3319920670e-15 
 328   4.9333171007e-05  0.0000000000e+00  2.8838699327e-16  1.1653417880e-16  -2.7369132391e-15  2.3319920670e-15 
 329   4.9483577017e-05  0.0000000000e+00  2.8838699327e-16  1.1653417880e-16  -2.7369132391e-15  2.3319920670e-15 
 330   4.9633983026e-05  0.0000000000e+00  2.8838699327e-16  1.1653417880e-16  -2.7369132391e-15  2.3319920670e-15 
 331   4.9784389035e-05  0.0000000000e+00  2.8838699327e-16  1.1653417880e-16  -2.7369132391e-15  2.3319920670e-15 
 332   4.9934795044e-05  0.0000000000e+00  2.8838699327e-16  1.1653417880e-16  -2.7369132391e-15  2.3319920670e-15 
 333   5.0085201053e-05  0.0000000000e+00  2.8838699327e-16  1.1653417880e-16  -2.7369132391e-15  2.3319920670e-15 
 334   5.0235607062e-05  0.0000000000e+00  2.8838699327e-16  1.1653417880e-16  -2.7369132391e-15  2.3319920670e-15 
 335   5.0386013072e-05  0.0000000000e+00  2.8838699327e-16  1.1653417880e-16  -2.7369132391e-15  2.3319920670e-15 
 336   5.0536419081e-05  0.0000000000e+00  2.8838699327e-16  1.1653417880e-16  -2.7369132391e-15  2.3319920670e-15 
 337   5.0686825090e-05  0.0000000000e+00  2.8838699327e-16  1.1653417880e-16  -2.7369132391e-15  2.3319920670e-15 
 338   5.0837231099e-05  0.0000000000e+00  2.8838699327e-16  1.1653417880e-16  -2.7369132391e-15  2.3319920670e-15 
 339   5.0987637108e-05  0.0000000000e+00  2.8838699327e-16  1.1653417880e-16  -2.7369132391e-15  2.3319920670e-15 
 340   5.1138043117e-05  0.0000000000e+00  2.8838699327e-16  1.1653417880e-16  -2.7369132391e-15  2.3319920670e-15 
 341   5.1288449127e-05  0.0000000000e+00  2.8838699327e-16  1.1653417880e-16  -2.7369132391e-15  2.3319920670e-15 
 342   5.1438855136e-05  0.0000000000e+00  2.8838699327e-16  1.1653417880e-16  -2.7369132391e-15  2.3319920670e-15 
 343   5.1589261145e-05  0.0000000000e+00  2.8838699327e-16  1.1653417880e-16  -2.7369132391e-15  2.3319920670e-15 
 344   5.1739667154e-05  0.0000000000e+00  2.8838699327e-16  1.1653417880e-16  -2.7369132391e-15  2.3319920670e-15 
 345   5.1890073163e-05  0.0000000000e+00  2.8838699327e-16  1.1653417880e-16  -2.7369132391e-15  2.3319920670e-15 
 346   5.2040479172e-05  0.0000000000e+00  2.8838699327e-16  1.1653417880e-16  -2.7369132391e-15  2.3319920670e-15 
 347   5.2190885182e-05  0.0000000000e+00  2.8838699327e-16  1.1653417880e-16  -2.7369132391e-15  2.3319920670e-15 
 348   5.2341291191e-05  0.0000000000e+00  2.8838699327e-16  1.1653417880e-16  -2.7369132391e-15  2.3319920670e-15 
 349   5.2491697200e-05  0.0000000000e+00  2.8838699327e-16  1.1653417880e-16  -2.7369132391e-15  2.3319920670e-15 
 350   5.2642103209e-05  0.0000000000e+00  2.8838699327e-16  1.1653417880e-16  -2.7369132391e-15  2.3319920670e-15 
 351   5.2792509218e-05  0.0000000000e+00  2.8838699327e-16  1.1653417880e-16  -2.7369132391e-15  2.3319920670e-15 
 352   5.2942915227e-05  0.0000000000e+00  2.8838699327e-16  1.1653417880e-16  -2.7369132391e-15  2.3319920670e-15 
 353   5.3093321237e-05  0.0000000000e+00  2.8838699327e-16  1.1653417880e-16  -2.7369132391e-15  2.3319920670e-15 
 354   5.3243727246e-05  0.0000000000e+00  2.8838699327e-16  1.1653417880e-16  -2.7369132391e-15  2.3319920670e-15 
 355   5.3394133255e-05  0.0000000000e+00  2.8838699327e-16  1.1653417880e-16  -2.7369132391e-15  2.3319920670e-15 
 356   5.3544539264e-05  0.0000000000e+00  2.8838699327e-16  1.1653417880e-16  -2.7369132391e-15  2.3319920670e-15 
 357   5.3694945273e-05  0.0000000000e+00  2.8838699327e-16  1.1653417880e-16  -2.7369132391e-15  2.3319920670e-15 
 358   5.3845351282e-05  0.0000000000e+00  2.8838699327e-16  1.1653417880e-16  -2.7369132391e-15  2.3319920670e-15 
 359   5.3995757292e-05  0.0000000000e+00  2.8838699327e-16  1.1653417880e-16  -2.7369132391e-15  2.3319920670e-15 
 360   5.4146163301e-05  0.0000000000e+00  2.8838699327e-16  1.1653417880e-16  -2.7369132391e-15  2.3319920670e-15 
 361   5.4296569310e-05  0.0000000000e+00  2.8838699327e-16  1.1653417880e-16  -2.7369132391e-15  2.3319920670e-15 
 362   5.4446975319e-05  0.0000000000e+00  2.8838699327e-16  1.1653417880e-16  -2.7369132391e-15  2.3319920670e-15 
 363   5.4597381328e-05  0.0000000000e+00  2.8838699327e-16  1.1653417880e-16  -2.7369132391e-15  2.3319920670e-15 
 364   5.4747787337e-05  0.0000000000e+00  2.8838699327e-16  1.1653417880e-16  -2.7369132391e-15  2.3319920670e-15 
 365   5.4898193347e-05  0.0000000000e+00  2.8838699327e-16  1.1653417880e-16  -2.7369132391e-15  2.3319920670e-15 
 366   5.5048599356e-05  0.0000000000e+00  2.8838699327e-16  1.1653417880e-16  -2.7369132391e-15  2.3319920670e-15 
 367   5.5199005365e-05  0.0000000000e+00  2.8838699327e-16  1.1653417880e-16  -2.7369132391e-15  2.3319920670e-15 
 368   5.5349411374e-05  0.0000000000e+00  2.8838699327e-16  1.1653417880e-16  -2.7369132391e-15  2.3319920670e-15 
 369   5.5499817383e-05  0.0000000000e+00  2.8838699327e-16  1.1653417880e-16  -2.7369132391e-15  2.3319920670e-15 
 370   5.5650223392e-05  0.0000000000e+00  2.8838699327e-16  1.1653417880e-16  -2.7369132391e-15  2.3319920670e-15 
 371   5.5800629402e-05  0.0000000000e+00  2.8838699327e-16  1.1653417880e-16  -2.7369132391e-15  2.3319920670e-15 
 372   5.5951035411e-05  0.0000000000e+00  2.8838699327e-16  1.1653417880e-16  -2.7369132391e-15  2.3319920670e-15 
 373   5.6101441420e-05  0.0000000000e+00  2.8838699327e-16  1.1653417880e-16  -2.7369132391e-15  2.3319920670e-15 
 374   5.6251847429e-05  0.0000000000e+00  2.8838699327e-16  1.1653417880e-16  -2.7369132391e-15  2.3319920670e-15 
 375   5.6402253438e-05  0.0000000000e+00  2.8838699327e-16  1.1653417880e-16  -2.7369132391e-15  2.3319920670e-15 
 376   5.6552659447e-05  0.0000000000e+00  2.8838699327e-16  1.1653417880e-16  -2.7369132391e-15  2.3319920670e-15 
 377   5.6703065457e-05  0.0000000000e+00  2.8838699327e-16  1.1653417880e-16  -2.7369132391e-15  2.3319920670e-15 
 378   5.6853471466e-05  0.0000000000e+00  2.8838699327e-16  1.1653417880e-16  -2.7369132391e-15  2.3319920670e-15 
 379   5.7003877475e-05  0.0000000000e+00  2.8838699327e-16  1.1653417880e-16  -2.7369132391e-15  2.3319920670e-15 
 380   5.7154283484e-05  0.0000000000e+00  2.8838699327e-16  1.1653417880e-16  -2.7369132391e-15  2.3319920670e-15 
 381   5.7304689493e-05  0.0000000000e+00  2.8838699327e-16  1.1653417880e-16  -2.7369132391e-15  2.3319920670e-15 
 382   5.7455095502e-05  0.0000000000e+00  2.8838699327e-16  1.1653417880e-16  -2.7369132391e-15  2.3319920670e-15 
 383   5.7605501512e-05  0.0000000000e+00  2.8838699327e-16  1.1653417880e-16  -2.7369132391e-15  2.3319920670e-15 
 384   5.7755907521e-05  0.0000000000e+00  2.8838699327e-16  1.1653417880e-16  -2.7369132391e-15  2.3319920670e-15 
 385   5.7906313530e-05  0.0000000000e+00  2.8838699327e-16  1.1653417880e-16  -2.7369132391e-15  2.3319920670e-15 
 386   5.8056719539e-05  0.0000000000e+00  2.8838699327e-16  1.1653417880e-16  -2.7369132391e-15  2.3319920670e-15 
 387   5.8207125548e-05  0.0000000000e+00  2.8838699327e-16  1.1653417880e-16  -2.7369132391e-15  2.3319920670e-15 
 388   5.8357531558e-05  0.0000000000e+00  2.8838699327e-16  1.1653417880e-16  -2.7369132391e-15  2.3319920670e-15 
 389   5.8507937567e-05  0.0000000000e+00  2.8838699327e-16  1.1653417880e-16  -2.7369132391e-15  2.3319920670e-15 
 390   5.8658343576e-05  0.0000000000e+00  2.8838699327e-16  1.1653417880e-16  -2.7369132391e-15  2.3319920670e-15 
 391   5.8808749585e-05  0.0000000000e+00  2.8838699327e-16  1.1653417880e-16  -2.7369132391e-15  2.3319920670e-15 
 392   5.8959155594e-05  0.0000000000e+00  2.8838699327e-16  1.1653417880e-16  -2.7369132391e-15  2.3319920670e-15 
 393   5.9109561603e-05  0.0000000000e+00  2.8838699327e-16  1.1653417880e-16  -2.7369132391e-15  2.3319920670e-15 
 394   5.9259967613e-05  0.0000000000e+00  2.8838699327e-16  1.1653417880e-16  -2.7369132391e-15  2.3319920670e-15 
 395   5.9410373622e-05  0.0000000000e+00  2.8838699327e-16  1.1653417880e-16  -2.7369132391e-15  2.3319920670e-15 
 396   5.9560779631e-05  0.0000000000e+00  2.8838699327e-16  1.1653417880e-16  -2.7369132391e-15  2.3319920670e-15 
 397   5.9711185640e-05  0.0000000000e+00  2.8838699327e-16  1.1653417880e-16  -2.7369132391e-15  2.3319920670e-15 
 398   5.9861591649e-05  0.0000000000e+00  2.8838699327e-16  1.1653417880e-16  -2.7369132391e-15  2.3319920670e-15 
 399   6.0011997658e-05  0.0000000000e+00  2.8838699327e-16  1.1653417880e-16  -2.7369132391e-15  2.3319920670e-15 
 400   6.0162403668e-05  0.0000000000e+00  2.8838699327e-16  1.1653417880e-16  -2.7369132391e-15  2.3319920670e-15 
