# svMultiPhysics boundary integral results file. 
# Quantities represent averaged scalar or flux values over each mesh face.
#        
# Format 
# ------ 
# face areas: [list of mesh face areas]  
# step time [list of mesh face names] 
# [time step] [time] [list of computed values for each mesh face]
face areas:  2.024e-09  5.049e-12  4.356e-12  7.757e-12  4.239e-12 
step   time   WALL  OUTLET_03  OUTLET_01  INLET  OUTLET_02 
 11   1.6544661009e-06  1.2007546388e+02  3.4336541562e-01  1.7303914857e-01  4.5407400849e+02  3.8132344832e+00 
 12   1.8048721100e-06  1.1097556947e+02  3.4063719259e-01  1.7113438717e-01  4.1485680222e+02  3.7771908232e+00 
 13   1.9552781192e-06  1.1619528647e+02  3.4220724446e-01  1.7222911934e-01  4.3737464785e+02  3.7978947243e+00 
 14   2.1056841284e-06  1.1323440843e+02  3.4131067405e-01  1.7160469251e-01  4.2458825412e+02  3.7860958174e+00 
 15   2.2560901375e-06  1.1489754314e+02  3.4181916957e-01  1.7195840991e-01  4.3177830938e+02  3.7927713610e+00 
 16   2.4064961467e-06  1.1397147536e+02  3.4153248980e-01  1.7175927753e-01  4.2776999252e+02  3.7890190884e+00 
 17   2.5569021559e-06  1.1448312003e+02  3.4169327236e-01  1.7187076939e-01  4.2998735465e+02  3.7911159842e+00 
 18   2.7073081650e-06  1.1420241668e+02  3.4160351473e-01  1.7180864810e-01  4.2876923391e+02  3.7899501663e+00 
 19   2.8577141742e-06  1.1435544587e+02  3.4165341292e-01  1.7184311270e-01  4.2943421094e+02  3.7905954048e+00 
 20   3.0081201834e-06  1.1427249891e+02  3.4162578101e-01  1.7182406543e-01  4.2907327672e+02  3.7902397189e+00 
 21   3.1585261925e-06  1.1431722300e+02  3.4164102640e-01  1.7183455513e-01  4.2926815496e+02  3.7904350828e+00 
 22   3.3089322017e-06  1.1429322467e+02  3.4163264472e-01  1.7182879718e-01  4.2916344383e+02  3.7903281320e+00 
 23   3.4593382109e-06  1.1430604429e+02  3.4163723713e-01  1.7183194798e-01  4.2921945475e+02  3.7903865009e+00 
 24   3.6097442201e-06  1.1429922473e+02  3.4163472918e-01  1.7183022897e-01  4.2918961889e+02  3.7903547391e+00 
 25   3.7601502292e-06  1.1430283832e+02  3.4163609446e-01  1.7183116413e-01  4.2920544990e+02  3.7903719739e+00 
 26   3.9105562384e-06  1.1430093057e+02  3.4163535347e-01  1.7183065681e-01  4.2919708065e+02  3.7903626471e+00 
 27   4.0609622476e-06  1.1430193424e+02  3.4163575448e-01  1.7183093129e-01  4.2920148989e+02  3.7903676812e+00 
 28   4.2113682567e-06  1.1430140795e+02  3.4163553805e-01  1.7183078316e-01  4.2919917452e+02  3.7903649709e+00 
 29   4.3617742659e-06  1.1430168305e+02  3.4163565456e-01  1.7183086291e-01  4.2920038659e+02  3.7903664266e+00 
 30   4.5121802751e-06  1.1430153968e+02  3.4163559200e-01  1.7183082008e-01  4.2919975396e+02  3.7903656466e+00 
 31   4.6625862842e-06  1.1430161418e+02  3.4163562552e-01  1.7183084303e-01  4.2920008323e+02  3.7903660636e+00 
 32   4.8129922934e-06  1.1430157557e+02  3.4163560760e-01  1.7183083076e-01  4.2919991231e+02  3.7903658411e+00 
 33   4.9633983026e-06  1.1430159553e+02  3.4163561716e-01  1.7183083731e-01  4.2920000080e+02  3.7903659596e+00 
 34   5.1138043117e-06  1.1430158524e+02  3.4163561207e-01  1.7183083382e-01  4.2919995510e+02  3.7903658966e+00 
 35   5.2642103209e-06  1.1430159053e+02  3.4163561477e-01  1.7183083567e-01  4.2919997865e+02  3.7903659300e+00 
 36   5.4146163301e-06  1.1430158782e+02  3.4163561334e-01  1.7183083469e-01  4.2919996654e+02  3.7903659123e+00 
 37   5.5650223392e-06  1.1430158921e+02  3.4163561410e-01  1.7183083521e-01  4.2919997275e+02  3.7903659217e+00 
 38   5.7154283484e-06  1.1430158850e+02  3.4163561370e-01  1.7183083493e-01  4.2919996957e+02  3.7903659168e+00 
 39   5.8658343576e-06  1.1430158886e+02  3.4163561391e-01  1.7183083508e-01  4.2919997120e+02  3.7903659194e+00 
 40   6.0162403668e-06  1.1430158868e+02  3.4163561380e-01  1.7183083500e-01  4.2919997037e+02  3.7903659180e+00 
 41   6.1666463759e-06  1.1430158877e+02  3.4163561385e-01  1.7183083504e-01  4.2919997079e+02  3.7903659187e+00 
 42   6.3170523851e-06  1.1430158872e+02  3.4163561382e-01  1.7183083502e-01  4.2919997058e+02  3.7903659183e+00 
 43   6.4674583943e-06  1.1430158875e+02  3.4163561384e-01  1.7183083503e-01  4.2919997068e+02  3.7903659185e+00 
 44   6.6178644034e-06  1.1430158873e+02  3.4163561383e-01  1.7183083503e-01  4.2919997063e+02  3.7903659184e+00 
 45   6.7682704126e-06  1.1430158874e+02  3.4163561384e-01  1.7183083503e-01  4.2919997066e+02  3.7903659185e+00 
 46   6.9186764218e-06  1.1430158874e+02  3.4163561383e-01  1.7183083503e-01  4.2919997064e+02  3.7903659185e+00 
 47   7.0690824309e-06  1.1430158874e+02  3.4163561383e-01  1.7183083503e-01  4.2919997065e+02  3.7903659185e+00 
 48   7.2194884401e-06  1.1430158874e+02  3.4163561383e-01  1.7183083503e-01  4.2919997065e+02  3.7903659185e+00 
 49   7.3698944493e-06  1.1430158874e+02  3.4163561383e-01  1.7183083503e-01  4.2919997065e+02  3.7903659185e+00 
 50   7.5203004584e-06  1.1430158874e+02  3.4163561383e-01  1.7183083503e-01  4.2919997065e+02  3.7903659185e+00 
 51   7.6707064676e-06  1.1430158874e+02  3.4163561383e-01  1.7183083503e-01  4.2919997065e+02  3.7903659185e+00 
 52   7.8211124768e-06  1.1430158874e+02  3.4163561383e-01  1.7183083503e-01  4.2919997065e+02  3.7903659185e+00 
 53   7.9715184859e-06  1.1430158874e+02  3.4163561383e-01  1.7183083503e-01  4.2919997065e+02  3.7903659185e+00 
 54   8.1219244951e-06  1.1430158874e+02  3.4163561383e-01  1.7183083503e-01  4.2919997065e+02  3.7903659185e+00 
 55   8.2723305043e-06  1.1430158874e+02  3.4163561383e-01  1.7183083503e-01  4.2919997065e+02  3.7903659185e+00 
 56   8.4227365135e-06  1.1430158874e+02  3.4163561383e-01  1.7183083503e-01  4.2919997065e+02  3.7903659185e+00 
 57   8.5731425226e-06  1.1430158874e+02  3.4163561383e-01  1.7183083503e-01  4.2919997065e+02  3.7903659185e+00 
 58   8.7235485318e-06  1.1430158874e+02  3.4163561383e-01  1.7183083503e-01  4.2919997065e+02  3.7903659185e+00 
 59   8.8739545410e-06  1.1430158874e+02  3.4163561383e-01  1.7183083503e-01  4.2919997065e+02  3.7903659185e+00 
 60   9.0243605501e-06  1.1430158874e+02  3.4163561383e-01  1.7183083503e-01  4.2919997065e+02  3.7903659185e+00 
 61   9.1747665593e-06  1.1430158874e+02  3.4163561383e-01  1.7183083503e-01  4.2919997065e+02  3.7903659185e+00 
 62   9.3251725685e-06  1.1430158874e+02  3.4163561383e-01  1.7183083503e-01  4.2919997065e+02  3.7903659185e+00 
 63   9.4755785776e-06  1.1430158874e+02  3.4163561383e-01  1.7183083503e-01  4.2919997065e+02  3.7903659185e+00 
 64   9.6259845868e-06  1.1430158874e+02  3.4163561383e-01  1.7183083503e-01  4.2919997065e+02  3.7903659185e+00 
 65   9.7763905960e-06  1.1430158874e+02  3.4163561383e-01  1.7183083503e-01  4.2919997065e+02  3.7903659185e+00 
 66   9.9267966051e-06  1.1430158874e+02  3.4163561383e-01  1.7183083503e-01  4.2919997065e+02  3.7903659185e+00 
 67   1.0077202614e-05  1.1430158874e+02  3.4163561383e-01  1.7183083503e-01  4.2919997065e+02  3.7903659185e+00 
 68   1.0227608623e-05  1.1430158874e+02  3.4163561383e-01  1.7183083503e-01  4.2919997065e+02  3.7903659185e+00 
 69   1.0378014633e-05  1.1430158874e+02  3.4163561383e-01  1.7183083503e-01  4.2919997065e+02  3.7903659185e+00 
 70   1.0528420642e-05  1.1430158874e+02  3.4163561383e-01  1.7183083503e-01  4.2919997065e+02  3.7903659185e+00 
 71   1.0678826651e-05  1.1430158874e+02  3.4163561383e-01  1.7183083503e-01  4.2919997065e+02  3.7903659185e+00 
 72   1.0829232660e-05  1.1430158874e+02  3.4163561383e-01  1.7183083503e-01  4.2919997065e+02  3.7903659185e+00 
 73   1.0979638669e-05  1.1430158874e+02  3.4163561383e-01  1.7183083503e-01  4.2919997065e+02  3.7903659185e+00 
 74   1.1130044678e-05  1.1430158874e+02  3.4163561383e-01  1.7183083503e-01  4.2919997065e+02  3.7903659185e+00 
 75   1.1280450688e-05  1.1430158874e+02  3.4163561383e-01  1.7183083503e-01  4.2919997065e+02  3.7903659185e+00 
 76   1.1430856697e-05  1.1430158874e+02  3.4163561383e-01  1.7183083503e-01  4.2919997065e+02  3.7903659185e+00 
 77   1.1581262706e-05  1.1430158874e+02  3.4163561383e-01  1.7183083503e-01  4.2919997065e+02  3.7903659185e+00 
 78   1.1731668715e-05  1.1430158874e+02  3.4163561383e-01  1.7183083503e-01  4.2919997065e+02  3.7903659185e+00 
 79   1.1882074724e-05  1.1430158874e+02  3.4163561383e-01  1.7183083503e-01  4.2919997065e+02  3.7903659185e+00 
 80   1.2032480734e-05  1.1430158874e+02  3.4163561383e-01  1.7183083503e-01  4.2919997065e+02  3.7903659185e+00 
 81   1.2182886743e-05  1.1430158874e+02  3.4163561383e-01  1.7183083503e-01  4.2919997065e+02  3.7903659185e+00 
 82   1.2333292752e-05  1.1430158874e+02  3.4163561383e-01  1.7183083503e-01  4.2919997065e+02  3.7903659185e+00 
 83   1.2483698761e-05  1.1430158874e+02  3.4163561383e-01  1.7183083503e-01  4.2919997065e+02  3.7903659185e+00 
 84   1.2634104770e-05  1.1430158874e+02  3.4163561383e-01  1.7183083503e-01  4.2919997065e+02  3.7903659185e+00 
 85   1.2784510779e-05  1.1430158874e+02  3.4163561383e-01  1.7183083503e-01  4.2919997065e+02  3.7903659185e+00 
 86   1.2934916789e-05  1.1430158874e+02  3.4163561383e-01  1.7183083503e-01  4.2919997065e+02  3.7903659185e+00 
 87   1.3085322798e-05  1.1430158874e+02  3.4163561383e-01  1.7183083503e-01  4.2919997065e+02  3.7903659185e+00 
 88   1.3235728807e-05  1.1430158874e+02  3.4163561383e-01  1.7183083503e-01  4.2919997065e+02  3.7903659185e+00 
 89   1.3386134816e-05  1.1430158874e+02  3.4163561383e-01  1.7183083503e-01  4.2919997065e+02  3.7903659185e+00 
 90   1.3536540825e-05  1.1430158874e+02  3.4163561383e-01  1.7183083503e-01  4.2919997065e+02  3.7903659185e+00 
 91   1.3686946834e-05  1.1430158874e+02  3.4163561383e-01  1.7183083503e-01  4.2919997065e+02  3.7903659185e+00 
 92   1.3837352844e-05  1.1430158874e+02  3.4163561383e-01  1.7183083503e-01  4.2919997065e+02  3.7903659185e+00 
 93   1.3987758853e-05  1.1430158874e+02  3.4163561383e-01  1.7183083503e-01  4.2919997065e+02  3.7903659185e+00 
 94   1.4138164862e-05  1.1430158874e+02  3.4163561383e-01  1.7183083503e-01  4.2919997065e+02  3.7903659185e+00 
 95   1.4288570871e-05  1.1430158874e+02  3.4163561383e-01  1.7183083503e-01  4.2919997065e+02  3.7903659185e+00 
 96   1.4438976880e-05  1.1430158874e+02  3.4163561383e-01  1.7183083503e-01  4.2919997065e+02  3.7903659185e+00 
 97   1.4589382889e-05  1.1430158874e+02  3.4163561383e-01  1.7183083503e-01  4.2919997065e+02  3.7903659185e+00 
 98   1.4739788899e-05  1.1430158874e+02  3.4163561383e-01  1.7183083503e-01  4.2919997065e+02  3.7903659185e+00 
 99   1.4890194908e-05  1.1430158874e+02  3.4163561383e-01  1.7183083503e-01  4.2919997065e+02  3.7903659185e+00 
 100   1.5040600917e-05  1.1430158874e+02  3.4163561383e-01  1.7183083503e-01  4.2919997065e+02  3.7903659185e+00 
 101   1.5191006926e-05  1.1430158874e+02  3.4163561383e-01  1.7183083503e-01  4.2919997065e+02  3.7903659185e+00 
 102   1.5341412935e-05  1.1430158874e+02  3.4163561383e-01  1.7183083503e-01  4.2919997065e+02  3.7903659185e+00 
 103   1.5491818944e-05  1.1430158874e+02  3.4163561383e-01  1.7183083503e-01  4.2919997065e+02  3.7903659185e+00 
 104   1.5642224954e-05  1.1430158874e+02  3.4163561383e-01  1.7183083503e-01  4.2919997065e+02  3.7903659185e+00 
 105   1.5792630963e-05  1.1430158874e+02  3.4163561383e-01  1.7183083503e-01  4.2919997065e+02  3.7903659185e+00 
 106   1.5943036972e-05  1.1430158874e+02  3.4163561383e-01  1.7183083503e-01  4.2919997065e+02  3.7903659185e+00 
 107   1.6093442981e-05  1.1430158874e+02  3.4163561383e-01  1.7183083503e-01  4.2919997065e+02  3.7903659185e+00 
 108   1.6243848990e-05  1.1430158874e+02  3.4163561383e-01  1.7183083503e-01  4.2919997065e+02  3.7903659185e+00 
 109   1.6394254999e-05  1.1430158874e+02  3.4163561383e-01  1.7183083503e-01  4.2919997065e+02  3.7903659185e+00 
 110   1.6544661009e-05  1.1430158874e+02  3.4163561383e-01  1.7183083503e-01  4.2919997065e+02  3.7903659185e+00 
 111   1.6695067018e-05  1.1430158874e+02  3.4163561383e-01  1.7183083503e-01  4.2919997065e+02  3.7903659185e+00 
 112   1.6845473027e-05  1.1430158874e+02  3.4163561383e-01  1.7183083503e-01  4.2919997065e+02  3.7903659185e+00 
 113   1.6995879036e-05  1.1430158874e+02  3.4163561383e-01  1.7183083503e-01  4.2919997065e+02  3.7903659185e+00 
 114   1.7146285045e-05  1.1430158874e+02  3.4163561383e-01  1.7183083503e-01  4.2919997065e+02  3.7903659185e+00 
 115   1.7296691054e-05  1.1430158874e+02  3.4163561383e-01  1.7183083503e-01  4.2919997065e+02  3.7903659185e+00 
 116   1.7447097064e-05  1.1430158874e+02  3.4163561383e-01  1.7183083503e-01  4.2919997065e+02  3.7903659185e+00 
 117   1.7597503073e-05  1.1430158874e+02  3.4163561383e-01  1.7183083503e-01  4.2919997065e+02  3.7903659185e+00 
 118   1.7747909082e-05  1.1430158874e+02  3.4163561383e-01  1.7183083503e-01  4.2919997065e+02  3.7903659185e+00 
 119   1.7898315091e-05  1.1430158874e+02  3.4163561383e-01  1.7183083503e-01  4.2919997065e+02  3.7903659185e+00 
 120   1.8048721100e-05  1.1430158874e+02  3.4163561383e-01  1.7183083503e-01  4.2919997065e+02  3.7903659185e+00 
 121   1.8199127109e-05  1.1430158874e+02  3.4163561383e-01  1.7183083503e-01  4.2919997065e+02  3.7903659185e+00 
 122   1.8349533119e-05  1.1430158874e+02  3.4163561383e-01  1.7183083503e-01  4.2919997065e+02  3.7903659185e+00 
 123   1.8499939128e-05  1.1430158874e+02  3.4163561383e-01  1.7183083503e-01  4.2919997065e+02  3.7903659185e+00 
 124   1.8650345137e-05  1.1430158874e+02  3.4163561383e-01  1.7183083503e-01  4.2919997065e+02  3.7903659185e+00 
 125   1.8800751146e-05  1.1430158874e+02  3.4163561383e-01  1.7183083503e-01  4.2919997065e+02  3.7903659185e+00 
 126   1.8951157155e-05  1.1430158874e+02  3.4163561383e-01  1.7183083503e-01  4.2919997065e+02  3.7903659185e+00 
 127   1.9101563164e-05  1.1430158874e+02  3.4163561383e-01  1.7183083503e-01  4.2919997065e+02  3.7903659185e+00 
 128   1.9251969174e-05  1.1430158874e+02  3.4163561383e-01  1.7183083503e-01  4.2919997065e+02  3.7903659185e+00 
 129   1.9402375183e-05  1.1430158874e+02  3.4163561383e-01  1.7183083503e-01  4.2919997065e+02  3.7903659185e+00 
 130   1.9552781192e-05  1.1430158874e+02  3.4163561383e-01  1.7183083503e-01  4.2919997065e+02  3.7903659185e+00 
 131   1.9703187201e-05  1.1430158874e+02  3.4163561383e-01  1.7183083503e-01  4.2919997065e+02  3.7903659185e+00 
 132   1.9853593210e-05  1.1430158874e+02  3.4163561383e-01  1.7183083503e-01  4.2919997065e+02  3.7903659185e+00 
 133   2.0003999219e-05  1.1430158874e+02  3.4163561383e-01  1.7183083503e-01  4.2919997065e+02  3.7903659185e+00 
 134   2.0154405229e-05  1.1430158874e+02  3.4163561383e-01  1.7183083503e-01  4.2919997065e+02  3.7903659185e+00 
 135   2.0304811238e-05  1.1430158874e+02  3.4163561383e-01  1.7183083503e-01  4.2919997065e+02  3.7903659185e+00 
 136   2.0455217247e-05  1.1430158874e+02  3.4163561383e-01  1.7183083503e-01  4.2919997065e+02  3.7903659185e+00 
 137   2.0605623256e-05  1.1430158874e+02  3.4163561383e-01  1.7183083503e-01  4.2919997065e+02  3.7903659185e+00 
 138   2.0756029265e-05  1.1430158874e+02  3.4163561383e-01  1.7183083503e-01  4.2919997065e+02  3.7903659185e+00 
 139   2.0906435274e-05  1.1430158874e+02  3.4163561383e-01  1.7183083503e-01  4.2919997065e+02  3.7903659185e+00 
 140   2.1056841284e-05  1.1430158874e+02  3.4163561383e-01  1.7183083503e-01  4.2919997065e+02  3.7903659185e+00 
 141   2.1207247293e-05  1.1430158874e+02  3.4163561383e-01  1.7183083503e-01  4.2919997065e+02  3.7903659185e+00 
 142   2.1357653302e-05  1.1430158874e+02  3.4163561383e-01  1.7183083503e-01  4.2919997065e+02  3.7903659185e+00 
 143   2.1508059311e-05  1.1430158874e+02  3.4163561383e-01  1.7183083503e-01  4.2919997065e+02  3.7903659185e+00 
 144   2.1658465320e-05  1.1430158874e+02  3.4163561383e-01  1.7183083503e-01  4.2919997065e+02  3.7903659185e+00 
 145   2.1808871329e-05  1.1430158874e+02  3.4163561383e-01  1.7183083503e-01  4.2919997065e+02  3.7903659185e+00 
 146   2.1959277339e-05  1.1430158874e+02  3.4163561383e-01  1.7183083503e-01  4.2919997065e+02  3.7903659185e+00 
 147   2.2109683348e-05  1.1430158874e+02  3.4163561383e-01  1.7183083503e-01  4.2919997065e+02  3.7903659185e+00 
 148   2.2260089357e-05  1.1430158874e+02  3.4163561383e-01  1.7183083503e-01  4.2919997065e+02  3.7903659185e+00 
 149   2.2410495366e-05  1.1430158874e+02  3.4163561383e-01  1.7183083503e-01  4.2919997065e+02  3.7903659185e+00 
 150   2.2560901375e-05  1.1430158874e+02  3.4163561383e-01  1.7183083503e-01  4.2919997065e+02  3.7903659185e+00 
 151   2.2711307384e-05  1.1430158874e+02  3.4163561383e-01  1.7183083503e-01  4.2919997065e+02  3.7903659185e+00 
 152   2.2861713394e-05  1.1430158874e+02  3.4163561383e-01  1.7183083503e-01  4.2919997065e+02  3.7903659185e+00 
 153   2.3012119403e-05  1.1430158874e+02  3.4163561383e-01  1.7183083503e-01  4.2919997065e+02  3.7903659185e+00 
 154   2.3162525412e-05  1.1430158874e+02  3.4163561383e-01  1.7183083503e-01  4.2919997065e+02  3.7903659185e+00 
 155   2.3312931421e-05  1.1430158874e+02  3.4163561383e-01  1.7183083503e-01  4.2919997065e+02  3.7903659185e+00 
 156   2.3463337430e-05  1.1430158874e+02  3.4163561383e-01  1.7183083503e-01  4.2919997065e+02  3.7903659185e+00 
 157   2.3613743440e-05  1.1430158874e+02  3.4163561383e-01  1.7183083503e-01  4.2919997065e+02  3.7903659185e+00 
 158   2.3764149449e-05  1.1430158874e+02  3.4163561383e-01  1.7183083503e-01  4.2919997065e+02  3.7903659185e+00 
 159   2.3914555458e-05  1.1430158874e+02  3.4163561383e-01  1.7183083503e-01  4.2919997065e+02  3.7903659185e+00 
 160   2.4064961467e-05  1.1430158874e+02  3.4163561383e-01  1.7183083503e-01  4.2919997065e+02  3.7903659185e+00 
 161   2.4215367476e-05  1.1430158874e+02  3.4163561383e-01  1.7183083503e-01  4.2919997065e+02  3.7903659185e+00 
 162   2.4365773485e-05  1.1430158874e+02  3.4163561383e-01  1.7183083503e-01  4.2919997065e+02  3.7903659185e+00 
 163   2.4516179495e-05  1.1430158874e+02  3.4163561383e-01  1.7183083503e-01  4.2919997065e+02  3.7903659185e+00 
 164   2.4666585504e-05  1.1430158874e+02  3.4163561383e-01  1.7183083503e-01  4.2919997065e+02  3.7903659185e+00 
 165   2.4816991513e-05  1.1430158874e+02  3.4163561383e-01  1.7183083503e-01  4.2919997065e+02  3.7903659185e+00 
 166   2.4967397522e-05  1.1430158874e+02  3.4163561383e-01  1.7183083503e-01  4.2919997065e+02  3.7903659185e+00 
 167   2.5117803531e-05  1.1430158874e+02  3.4163561383e-01  1.7183083503e-01  4.2919997065e+02  3.7903659185e+00 
 168   2.5268209540e-05  1.1430158874e+02  3.4163561383e-01  1.7183083503e-01  4.2919997065e+02  3.7903659185e+00 
 169   2.5418615550e-05  1.1430158874e+02  3.4163561383e-01  1.7183083503e-01  4.2919997065e+02  3.7903659185e+00 
 170   2.5569021559e-05  1.1430158874e+02  3.4163561383e-01  1.7183083503e-01  4.2919997065e+02  3.7903659185e+00 
 171   2.5719427568e-05  1.1430158874e+02  3.4163561383e-01  1.7183083503e-01  4.2919997065e+02  3.7903659185e+00 
 172   2.5869833577e-05  1.1430158874e+02  3.4163561383e-01  1.7183083503e-01  4.2919997065e+02  3.7903659185e+00 
 173   2.6020239586e-05  1.1430158874e+02  3.4163561383e-01  1.7183083503e-01  4.2919997065e+02  3.7903659185e+00 
 174   2.6170645595e-05  1.1430158874e+02  3.4163561383e-01  1.7183083503e-01  4.2919997065e+02  3.7903659185e+00 
 175   2.6321051605e-05  1.1430158874e+02  3.4163561383e-01  1.7183083503e-01  4.2919997065e+02  3.7903659185e+00 
 176   2.6471457614e-05  1.1430158874e+02  3.4163561383e-01  1.7183083503e-01  4.2919997065e+02  3.7903659185e+00 
 177   2.6621863623e-05  1.1430158874e+02  3.4163561383e-01  1.7183083503e-01  4.2919997065e+02  3.7903659185e+00 
 178   2.6772269632e-05  1.1430158874e+02  3.4163561383e-01  1.7183083503e-01  4.2919997065e+02  3.7903659185e+00 
 179   2.6922675641e-05  1.1430158874e+02  3.4163561383e-01  1.7183083503e-01  4.2919997065e+02  3.7903659185e+00 
 180   2.7073081650e-05  1.1430158874e+02  3.4163561383e-01  1.7183083503e-01  4.2919997065e+02  3.7903659185e+00 
 181   2.7223487660e-05  1.1430158874e+02  3.4163561383e-01  1.7183083503e-01  4.2919997065e+02  3.7903659185e+00 
 182   2.7373893669e-05  1.1430158874e+02  3.4163561383e-01  1.7183083503e-01  4.2919997065e+02  3.7903659185e+00 
 183   2.7524299678e-05  1.1430158874e+02  3.4163561383e-01  1.7183083503e-01  4.2919997065e+02  3.7903659185e+00 
 184   2.7674705687e-05  1.1430158874e+02  3.4163561383e-01  1.7183083503e-01  4.2919997065e+02  3.7903659185e+00 
 185   2.7825111696e-05  1.1430158874e+02  3.4163561383e-01  1.7183083503e-01  4.2919997065e+02  3.7903659185e+00 
 186   2.7975517705e-05  1.1430158874e+02  3.4163561383e-01  1.7183083503e-01  4.2919997065e+02  3.7903659185e+00 
 187   2.8125923715e-05  1.1430158874e+02  3.4163561383e-01  1.7183083503e-01  4.2919997065e+02  3.7903659185e+00 
 188   2.8276329724e-05  1.1430158874e+02  3.4163561383e-01  1.7183083503e-01  4.2919997065e+02  3.7903659185e+00 
 189   2.8426735733e-05  1.1430158874e+02  3.4163561383e-01  1.7183083503e-01  4.2919997065e+02  3.7903659185e+00 
 190   2.8577141742e-05  1.1430158874e+02  3.4163561383e-01  1.7183083503e-01  4.2919997065e+02  3.7903659185e+00 
 191   2.8727547751e-05  1.1430158874e+02  3.4163561383e-01  1.7183083503e-01  4.2919997065e+02  3.7903659185e+00 
 192   2.8877953760e-05  1.1430158874e+02  3.4163561383e-01  1.7183083503e-01  4.2919997065e+02  3.7903659185e+00 
 193   2.9028359770e-05  1.1430158874e+02  3.4163561383e-01  1.7183083503e-01  4.2919997065e+02  3.7903659185e+00 
 194   2.9178765779e-05  1.1430158874e+02  3.4163561383e-01  1.7183083503e-01  4.2919997065e+02  3.7903659185e+00 
 195   2.9329171788e-05  1.1430158874e+02  3.4163561383e-01  1.7183083503e-01  4.2919997065e+02  3.7903659185e+00 
 196   2.9479577797e-05  1.1430158874e+02  3.4163561383e-01  1.7183083503e-01  4.2919997065e+02  3.7903659185e+00 
 197   2.9629983806e-05  1.1430158874e+02  3.4163561383e-01  1.7183083503e-01  4.2919997065e+02  3.7903659185e+00 
 198   2.9780389815e-05  1.1430158874e+02  3.4163561383e-01  1.7183083503e-01  4.2919997065e+02  3.7903659185e+00 
 199   2.9930795825e-05  1.1430158874e+02  3.4163561383e-01  1.7183083503e-01  4.2919997065e+02  3.7903659185e+00 
 200   3.0081201834e-05  1.1430158874e+02  3.4163561383e-01  1.7183083503e-01  4.2919997065e+02  3.7903659185e+00 
 201   3.0231607843e-05  1.1430158874e+02  3.4163561383e-01  1.7183083503e-01  4.2919997065e+02  3.7903659185e+00 
 202   3.0382013852e-05  1.1430158874e+02  3.4163561383e-01  1.7183083503e-01  4.2919997065e+02  3.7903659185e+00 
 203   3.0532419861e-05  1.1430158874e+02  3.4163561383e-01  1.7183083503e-01  4.2919997065e+02  3.7903659185e+00 
 204   3.0682825870e-05  1.1430158874e+02  3.4163561383e-01  1.7183083503e-01  4.2919997065e+02  3.7903659185e+00 
 205   3.0833231880e-05  1.1430158874e+02  3.4163561383e-01  1.7183083503e-01  4.2919997065e+02  3.7903659185e+00 
 206   3.0983637889e-05  1.1430158874e+02  3.4163561383e-01  1.7183083503e-01  4.2919997065e+02  3.7903659185e+00 
 207   3.1134043898e-05  1.1430158874e+02  3.4163561383e-01  1.7183083503e-01  4.2919997065e+02  3.7903659185e+00 
 208   3.1284449907e-05  1.1430158874e+02  3.4163561383e-01  1.7183083503e-01  4.2919997065e+02  3.7903659185e+00 
 209   3.1434855916e-05  1.1430158874e+02  3.4163561383e-01  1.7183083503e-01  4.2919997065e+02  3.7903659185e+00 
 210   3.1585261925e-05  1.1430158874e+02  3.4163561383e-01  1.7183083503e-01  4.2919997065e+02  3.7903659185e+00 
 211   3.1735667935e-05  1.1430158874e+02  3.4163561383e-01  1.7183083503e-01  4.2919997065e+02  3.7903659185e+00 
 212   3.1886073944e-05  1.1430158874e+02  3.4163561383e-01  1.7183083503e-01  4.2919997065e+02  3.7903659185e+00 
 213   3.2036479953e-05  1.1430158874e+02  3.4163561383e-01  1.7183083503e-01  4.2919997065e+02  3.7903659185e+00 
 214   3.2186885962e-05  1.1430158874e+02  3.4163561383e-01  1.7183083503e-01  4.2919997065e+02  3.7903659185e+00 
 215   3.2337291971e-05  1.1430158874e+02  3.4163561383e-01  1.7183083503e-01  4.2919997065e+02  3.7903659185e+00 
 216   3.2487697980e-05  1.1430158874e+02  3.4163561383e-01  1.7183083503e-01  4.2919997065e+02  3.7903659185e+00 
 217   3.2638103990e-05  1.1430158874e+02  3.4163561383e-01  1.7183083503e-01  4.2919997065e+02  3.7903659185e+00 
 218   3.2788509999e-05  1.1430158874e+02  3.4163561383e-01  1.7183083503e-01  4.2919997065e+02  3.7903659185e+00 
 219   3.2938916008e-05  1.1430158874e+02  3.4163561383e-01  1.7183083503e-01  4.2919997065e+02  3.7903659185e+00 
 220   3.3089322017e-05  1.1430158874e+02  3.4163561383e-01  1.7183083503e-01  4.2919997065e+02  3.7903659185e+00 
 221   3.3239728026e-05  1.1430158874e+02  3.4163561383e-01  1.7183083503e-01  4.2919997065e+02  3.7903659185e+00 
 222   3.3390134035e-05  1.1430158874e+02  3.4163561383e-01  1.7183083503e-01  4.2919997065e+02  3.7903659185e+00 
 223   3.3540540045e-05  1.1430158874e+02  3.4163561383e-01  1.7183083503e-01  4.2919997065e+02  3.7903659185e+00 
 224   3.3690946054e-05  1.1430158874e+02  3.4163561383e-01  1.7183083503e-01  4.2919997065e+02  3.7903659185e+00 
 225   3.3841352063e-05  1.1430158874e+02  3.4163561383e-01  1.7183083503e-01  4.2919997065e+02  3.7903659185e+00 
 226   3.3991758072e-05  1.1430158874e+02  3.4163561383e-01  1.7183083503e-01  4.2919997065e+02  3.7903659185e+00 
 227   3.4142164081e-05  1.1430158874e+02  3.4163561383e-01  1.7183083503e-01  4.2919997065e+02  3.7903659185e+00 
 228   3.4292570090e-05  1.1430158874e+02  3.4163561383e-01  1.7183083503e-01  4.2919997065e+02  3.7903659185e+00 
 229   3.4442976100e-05  1.1430158874e+02  3.4163561383e-01  1.7183083503e-01  4.2919997065e+02  3.7903659185e+00 
 230   3.4593382109e-05  1.1430158874e+02  3.4163561383e-01  1.7183083503e-01  4.2919997065e+02  3.7903659185e+00 
 231   3.4743788118e-05  1.1430158874e+02  3.4163561383e-01  1.7183083503e-01  4.2919997065e+02  3.7903659185e+00 
 232   3.4894194127e-05  1.1430158874e+02  3.4163561383e-01  1.7183083503e-01  4.2919997065e+02  3.7903659185e+00 
 233   3.5044600136e-05  1.1430158874e+02  3.4163561383e-01  1.7183083503e-01  4.2919997065e+02  3.7903659185e+00 
 234   3.5195006146e-05  1.1430158874e+02  3.4163561383e-01  1.7183083503e-01  4.2919997065e+02  3.7903659185e+00 
 235   3.5345412155e-05  1.1430158874e+02  3.4163561383e-01  1.7183083503e-01  4.2919997065e+02  3.7903659185e+00 
 236   3.5495818164e-05  1.1430158874e+02  3.4163561383e-01  1.7183083503e-01  4.2919997065e+02  3.7903659185e+00 
 237   3.5646224173e-05  1.1430158874e+02  3.4163561383e-01  1.7183083503e-01  4.2919997065e+02  3.7903659185e+00 
 238   3.5796630182e-05  1.1430158874e+02  3.4163561383e-01  1.7183083503e-01  4.2919997065e+02  3.7903659185e+00 
 239   3.5947036191e-05  1.1430158874e+02  3.4163561383e-01  1.7183083503e-01  4.2919997065e+02  3.7903659185e+00 
 240   3.6097442201e-05  1.1430158874e+02  3.4163561383e-01  1.7183083503e-01  4.2919997065e+02  3.7903659185e+00 
 241   3.6247848210e-05  1.1430158874e+02  3.4163561383e-01  1.7183083503e-01  4.2919997065e+02  3.7903659185e+00 
 242   3.6398254219e-05  1.1430158874e+02  3.4163561383e-01  1.7183083503e-01  4.2919997065e+02  3.7903659185e+00 
 243   3.6548660228e-05  1.1430158874e+02  3.4163561383e-01  1.7183083503e-01  4.2919997065e+02  3.7903659185e+00 
 244   3.6699066237e-05  1.1430158874e+02  3.4163561383e-01  1.7183083503e-01  4.2919997065e+02  3.7903659185e+00 
 245   3.6849472246e-05  1.1430158874e+02  3.4163561383e-01  1.7183083503e-01  4.2919997065e+02  3.7903659185e+00 
 246   3.6999878256e-05  1.1430158874e+02  3.4163561383e-01  1.7183083503e-01  4.2919997065e+02  3.7903659185e+00 
 247   3.7150284265e-05  1.1430158874e+02  3.4163561383e-01  1.7183083503e-01  4.2919997065e+02  3.7903659185e+00 
 248   3.7300690274e-05  1.1430158874e+02  3.4163561383e-01  1.7183083503e-01  4.2919997065e+02  3.7903659185e+00 
 249   3.7451096283e-05  1.1430158874e+02  3.4163561383e-01  1.7183083503e-01  4.2919997065e+02  3.7903659185e+00 
 250   3.7601502292e-05  1.1430158874e+02  3.4163561383e-01  1.7183083503e-01  4.2919997065e+02  3.7903659185e+00 
 251   3.7751908301e-05  1.1430158874e+02  3.4163561383e-01  1.7183083503e-01  4.2919997065e+02  3.7903659185e+00 
 252   3.7902314311e-05  1.1430158874e+02  3.4163561383e-01  1.7183083503e-01  4.2919997065e+02  3.7903659185e+00 
 253   3.8052720320e-05  1.1430158874e+02  3.4163561383e-01  1.7183083503e-01  4.2919997065e+02  3.7903659185e+00 
 254   3.8203126329e-05  1.1430158874e+02  3.4163561383e-01  1.7183083503e-01  4.2919997065e+02  3.7903659185e+00 
 255   3.8353532338e-05  1.1430158874e+02  3.4163561383e-01  1.7183083503e-01  4.2919997065e+02  3.7903659185e+00 
 256   3.8503938347e-05  1.1430158874e+02  3.4163561383e-01  1.7183083503e-01  4.2919997065e+02  3.7903659185e+00 
 257   3.8654344356e-05  1.1430158874e+02  3.4163561383e-01  1.7183083503e-01  4.2919997065e+02  3.7903659185e+00 
 258   3.8804750366e-05  1.1430158874e+02  3.4163561383e-01  1.7183083503e-01  4.2919997065e+02  3.7903659185e+00 
 259   3.8955156375e-05  1.1430158874e+02  3.4163561383e-01  1.7183083503e-01  4.2919997065e+02  3.7903659185e+00 
 260   3.9105562384e-05  1.1430158874e+02  3.4163561383e-01  1.7183083503e-01  4.2919997065e+02  3.7903659185e+00 
 261   3.9255968393e-05  1.1430158874e+02  3.4163561383e-01  1.7183083503e-01  4.2919997065e+02  3.7903659185e+00 
 262   3.9406374402e-05  1.1430158874e+02  3.4163561383e-01  1.7183083503e-01  4.2919997065e+02  3.7903659185e+00 
 263   3.9556780411e-05  1.1430158874e+02  3.4163561383e-01  1.7183083503e-01  4.2919997065e+02  3.7903659185e+00 
 264   3.9707186421e-05  1.1430158874e+02  3.4163561383e-01  1.7183083503e-01  4.2919997065e+02  3.7903659185e+00 
 265   3.9857592430e-05  1.1430158874e+02  3.4163561383e-01  1.7183083503e-01  4.2919997065e+02  3.7903659185e+00 
 266   4.0007998439e-05  1.1430158874e+02  3.4163561383e-01  1.7183083503e-01  4.2919997065e+02  3.7903659185e+00 
 267   4.0158404448e-05  1.1430158874e+02  3.4163561383e-01  1.7183083503e-01  4.2919997065e+02  3.7903659185e+00 
 268   4.0308810457e-05  1.1430158874e+02  3.4163561383e-01  1.7183083503e-01  4.2919997065e+02  3.7903659185e+00 
 269   4.0459216466e-05  1.1430158874e+02  3.4163561383e-01  1.7183083503e-01  4.2919997065e+02  3.7903659185e+00 
 270   4.0609622476e-05  1.1430158874e+02  3.4163561383e-01  1.7183083503e-01  4.2919997065e+02  3.7903659185e+00 
 271   4.0760028485e-05  1.1430158874e+02  3.4163561383e-01  1.7183083503e-01  4.2919997065e+02  3.7903659185e+00 
 272   4.0910434494e-05  1.1430158874e+02  3.4163561383e-01  1.7183083503e-01  4.2919997065e+02  3.7903659185e+00 
 273   4.1060840503e-05  1.1430158874e+02  3.4163561383e-01  1.7183083503e-01  4.2919997065e+02  3.7903659185e+00 
 274   4.1211246512e-05  1.1430158874e+02  3.4163561383e-01  1.7183083503e-01  4.2919997065e+02  3.7903659185e+00 
 275   4.1361652521e-05  1.1430158874e+02  3.4163561383e-01  1.7183083503e-01  4.2919997065e+02  3.7903659185e+00 
 276   4.1512058531e-05  1.1430158874e+02  3.4163561383e-01  1.7183083503e-01  4.2919997065e+02  3.7903659185e+00 
 277   4.1662464540e-05  1.1430158874e+02  3.4163561383e-01  1.7183083503e-01  4.2919997065e+02  3.7903659185e+00 
 278   4.1812870549e-05  1.1430158874e+02  3.4163561383e-01  1.7183083503e-01  4.2919997065e+02  3.7903659185e+00 
 279   4.1963276558e-05  1.1430158874e+02  3.4163561383e-01  1.7183083503e-01  4.2919997065e+02  3.7903659185e+00 
 280   4.2113682567e-05  1.1430158874e+02  3.4163561383e-01  1.7183083503e-01  4.2919997065e+02  3.7903659185e+00 
 281   4.2264088576e-05  1.1430158874e+02  3.4163561383e-01  1.7183083503e-01  4.2919997065e+02  3.7903659185e+00 
 282   4.2414494586e-05  1.1430158874e+02  3.4163561383e-01  1.7183083503e-01  4.2919997065e+02  3.7903659185e+00 
 283   4.2564900595e-05  1.1430158874e+02  3.4163561383e-01  1.7183083503e-01  4.2919997065e+02  3.7903659185e+00 
 284   4.2715306604e-05  1.1430158874e+02  3.4163561383e-01  1.7183083503e-01  4.2919997065e+02  3.7903659185e+00 
 285   4.2865712613e-05  1.1430158874e+02  3.4163561383e-01  1.7183083503e-01  4.2919997065e+02  3.7903659185e+00 
 286   4.3016118622e-05  1.1430158874e+02  3.4163561383e-01  1.7183083503e-01  4.2919997065e+02  3.7903659185e+00 
 287   4.3166524631e-05  1.1430158874e+02  3.4163561383e-01  1.7183083503e-01  4.2919997065e+02  3.7903659185e+00 
 288   4.3316930641e-05  1.1430158874e+02  3.4163561383e-01  1.7183083503e-01  4.2919997065e+02  3.7903659185e+00 
 289   4.3467336650e-05  1.1430158874e+02  3.4163561383e-01  1.7183083503e-01  4.2919997065e+02  3.7903659185e+00 
 290   4.3617742659e-05  1.1430158874e+02  3.4163561383e-01  1.7183083503e-01  4.2919997065e+02  3.7903659185e+00 
 291   4.3768148668e-05  1.1430158874e+02  3.4163561383e-01  1.7183083503e-01  4.2919997065e+02  3.7903659185e+00 
 292   4.3918554677e-05  1.1430158874e+02  3.4163561383e-01  1.7183083503e-01  4.2919997065e+02  3.7903659185e+00 
 293   4.4068960686e-05  1.1430158874e+02  3.4163561383e-01  1.7183083503e-01  4.2919997065e+02  3.7903659185e+00 
 294   4.4219366696e-05  1.1430158874e+02  3.4163561383e-01  1.7183083503e-01  4.2919997065e+02  3.7903659185e+00 
 295   4.4369772705e-05  1.1430158874e+02  3.4163561383e-01  1.7183083503e-01  4.2919997065e+02  3.7903659185e+00 
 296   4.4520178714e-05  1.1430158874e+02  3.4163561383e-01  1.7183083503e-01  4.2919997065e+02  3.7903659185e+00 
 297   4.4670584723e-05  1.1430158874e+02  3.4163561383e-01  1.7183083503e-01  4.2919997065e+02  3.7903659185e+00 
 298   4.4820990732e-05  1.1430158874e+02  3.4163561383e-01  1.7183083503e-01  4.2919997065e+02  3.7903659185e+00 
 299   4.4971396741e-05  1.1430158874e+02  3.4163561383e-01  1.7183083503e-01  4.2919997065e+02  3.7903659185e+00 
 300   4.5121802751e-05  1.1430158874e+02  3.4163561383e-01  1.7183083503e-01  4.2919997065e+02  3.7903659185e+00 
 301   4.5272208760e-05  1.1430158874e+02  3.4163561383e-01  1.7183083503e-01  4.2919997065e+02  3.7903659185e+00 
 302   4.5422614769e-05  1.1430158874e+02  3.4163561383e-01  1.7183083503e-01  4.2919997065e+02  3.7903659185e+00 
 303   4.5573020778e-05  1.1430158874e+02  3.4163561383e-01  1.7183083503e-01  4.2919997065e+02  3.7903659185e+00 
 304   4.5723426787e-05  1.1430158874e+02  3.4163561383e-01  1.7183083503e-01  4.2919997065e+02  3.7903659185e+00 
 305   4.5873832796e-05  1.1430158874e+02  3.4163561383e-01  1.7183083503e-01  4.2919997065e+02  3.7903659185e+00 
 306   4.6024238806e-05  1.1430158874e+02  3.4163561383e-01  1.7183083503e-01  4.2919997065e+02  3.7903659185e+00 
 307   4.6174644815e-05  1.1430158874e+02  3.4163561383e-01  1.7183083503e-01  4.2919997065e+02  3.7903659185e+00 
 308   4.6325050824e-05  1.1430158874e+02  3.4163561383e-01  1.7183083503e-01  4.2919997065e+02  3.7903659185e+00 
 309   4.6475456833e-05  1.1430158874e+02  3.4163561383e-01  1.7183083503e-01  4.2919997065e+02  3.7903659185e+00 
 310   4.6625862842e-05  1.1430158874e+02  3.4163561383e-01  1.7183083503e-01  4.2919997065e+02  3.7903659185e+00 
 311   4.6776268852e-05  1.1430158874e+02  3.4163561383e-01  1.7183083503e-01  4.2919997065e+02  3.7903659185e+00 
 312   4.6926674861e-05  1.1430158874e+02  3.4163561383e-01  1.7183083503e-01  4.2919997065e+02  3.7903659185e+00 
 313   4.7077080870e-05  1.1430158874e+02  3.4163561383e-01  1.7183083503e-01  4.2919997065e+02  3.7903659185e+00 
 314   4.7227486879e-05  1.1430158874e+02  3.4163561383e-01  1.7183083503e-01  4.2919997065e+02  3.7903659185e+00 
 315   4.7377892888e-05  1.1430158874e+02  3.4163561383e-01  1.7183083503e-01  4.2919997065e+02  3.7903659185e+00 
 316   4.7528298897e-05  1.1430158874e+02  3.4163561383e-01  1.7183083503e-01  4.2919997065e+02  3.7903659185e+00 
 317   4.7678704907e-05  1.1430158874e+02  3.4163561383e-01  1.7183083503e-01  4.2919997065e+02  3.7903659185e+00 
 318   4.7829110916e-05  1.1430158874e+02  3.4163561383e-01  1.7183083503e-01  4.2919997065e+02  3.7903659185e+00 
 319   4.7979516925e-05  1.1430158874e+02  3.4163561383e-01  1.7183083503e-01  4.2919997065e+02  3.7903659185e+00 
 320   4.8129922934e-05  1.1430158874e+02  3.4163561383e-01  1.7183083503e-01  4.2919997065e+02  3.7903659185e+00 
 321   4.8280328943e-05  1.1430158874e+02  3.4163561383e-01  1.7183083503e-01  4.2919997065e+02  3.7903659185e+00 
 322   4.8430734952e-05  1.1430158874e+02  3.4163561383e-01  1.7183083503e-01  4.2919997065e+02  3.7903659185e+00 
 323   4.8581140962e-05  1.1430158874e+02  3.4163561383e-01  1.7183083503e-01  4.2919997065e+02  3.7903659185e+00 
 324   4.8731546971e-05  1.1430158874e+02  3.4163561383e-01  1.7183083503e-01  4.2919997065e+02  3.7903659185e+00 
 325   4.8881952980e-05  1.1430158874e+02  3.4163561383e-01  1.7183083503e-01  4.2919997065e+02  3.7903659185e+00 
 326   4.9032358989e-05  1.1430158874e+02  3.4163561383e-01  1.7183083503e-01  4.2919997065e+02  3.7903659185e+00 
 327   4.9182764998e-05  1.1430158874e+02  3.4163561383e-01  1.7183083503e-01  4.2919997065e+02  3.7903659185e+00 
 328   4.9333171007e-05  1.1430158874e+02  3.4163561383e-01  1.7183083503e-01  4.2919997065e+02  3.7903659185e+00 
 329   4.9483577017e-05  1.1430158874e+02  3.4163561383e-01  1.7183083503e-01  4.2919997065e+02  3.7903659185e+00 
 330   4.9633983026e-05  1.1430158874e+02  3.4163561383e-01  1.7183083503e-01  4.2919997065e+02  3.7903659185e+00 
 331   4.9784389035e-05  1.1430158874e+02  3.4163561383e-01  1.7183083503e-01  4.2919997065e+02  3.7903659185e+00 
 332   4.9934795044e-05  1.1430158874e+02  3.4163561383e-01  1.7183083503e-01  4.2919997065e+02  3.7903659185e+00 
 333   5.0085201053e-05  1.1430158874e+02  3.4163561383e-01  1.7183083503e-01  4.2919997065e+02  3.7903659185e+00 
 334   5.0235607062e-05  1.1430158874e+02  3.4163561383e-01  1.7183083503e-01  4.2919997065e+02  3.7903659185e+00 
 335   5.0386013072e-05  1.1430158874e+02  3.4163561383e-01  1.7183083503e-01  4.2919997065e+02  3.7903659185e+00 
 336   5.0536419081e-05  1.1430158874e+02  3.4163561383e-01  1.7183083503e-01  4.2919997065e+02  3.7903659185e+00 
 337   5.0686825090e-05  1.1430158874e+02  3.4163561383e-01  1.7183083503e-01  4.2919997065e+02  3.7903659185e+00 
 338   5.0837231099e-05  1.1430158874e+02  3.4163561383e-01  1.7183083503e-01  4.2919997065e+02  3.7903659185e+00 
 339   5.0987637108e-05  1.1430158874e+02  3.4163561383e-01  1.7183083503e-01  4.2919997065e+02  3.7903659185e+00 
 340   5.1138043117e-05  1.1430158874e+02  3.4163561383e-01  1.7183083503e-01  4.2919997065e+02  3.7903659185e+00 
 341   5.1288449127e-05  1.1430158874e+02  3.4163561383e-01  1.7183083503e-01  4.2919997065e+02  3.7903659185e+00 
 342   5.1438855136e-05  1.1430158874e+02  3.4163561383e-01  1.7183083503e-01  4.2919997065e+02  3.7903659185e+00 
 343   5.1589261145e-05  1.1430158874e+02  3.4163561383e-01  1.7183083503e-01  4.2919997065e+02  3.7903659185e+00 
 344   5.1739667154e-05  1.1430158874e+02  3.4163561383e-01  1.7183083503e-01  4.2919997065e+02  3.7903659185e+00 
 345   5.1890073163e-05  1.1430158874e+02  3.4163561383e-01  1.7183083503e-01  4.2919997065e+02  3.7903659185e+00 
 346   5.2040479172e-05  1.1430158874e+02  3.4163561383e-01  1.7183083503e-01  4.2919997065e+02  3.7903659185e+00 
 347   5.2190885182e-05  1.1430158874e+02  3.4163561383e-01  1.7183083503e-01  4.2919997065e+02  3.7903659185e+00 
 348   5.2341291191e-05  1.1430158874e+02  3.4163561383e-01  1.7183083503e-01  4.2919997065e+02  3.7903659185e+00 
 349   5.2491697200e-05  1.1430158874e+02  3.4163561383e-01  1.7183083503e-01  4.2919997065e+02  3.7903659185e+00 
 350   5.2642103209e-05  1.1430158874e+02  3.4163561383e-01  1.7183083503e-01  4.2919997065e+02  3.7903659185e+00 
 351   5.2792509218e-05  1.1430158874e+02  3.4163561383e-01  1.7183083503e-01  4.2919997065e+02  3.7903659185e+00 
 352   5.2942915227e-05  1.1430158874e+02  3.4163561383e-01  1.7183083503e-01  4.2919997065e+02  3.7903659185e+00 
 353   5.3093321237e-05  1.1430158874e+02  3.4163561383e-01  1.7183083503e-01  4.2919997065e+02  3.7903659185e+00 
 354   5.3243727246e-05  1.1430158874e+02  3.4163561383e-01  1.7183083503e-01  4.2919997065e+02  3.7903659185e+00 
 355   5.3394133255e-05  1.1430158874e+02  3.4163561383e-01  1.7183083503e-01  4.2919997065e+02  3.7903659185e+00 
 356   5.3544539264e-05  1.1430158874e+02  3.4163561383e-01  1.7183083503e-01  4.2919997065e+02  3.7903659185e+00 
 357   5.3694945273e-05  1.1430158874e+02  3.4163561383e-01  1.7183083503e-01  4.2919997065e+02  3.7903659185e+00 
 358   5.3845351282e-05  1.1430158874e+02  3.4163561383e-01  1.7183083503e-01  4.2919997065e+02  3.7903659185e+00 
 359   5.3995757292e-05  1.1430158874e+02  3.4163561383e-01  1.7183083503e-01  4.2919997065e+02  3.7903659185e+00 
 360   5.4146163301e-05  1.1430158874e+02  3.4163561383e-01  1.7183083503e-01  4.2919997065e+02  3.7903659185e+00 
 361   5.4296569310e-05  1.1430158874e+02  3.4163561383e-01  1.7183083503e-01  4.2919997065e+02  3.7903659185e+00 
 362   5.4446975319e-05  1.1430158874e+02  3.4163561383e-01  1.7183083503e-01  4.2919997065e+02  3.7903659185e+00 
 363   5.4597381328e-05  1.1430158874e+02  3.4163561383e-01  1.7183083503e-01  4.2919997065e+02  3.7903659185e+00 
 364   5.4747787337e-05  1.1430158874e+02  3.4163561383e-01  1.7183083503e-01  4.2919997065e+02  3.7903659185e+00 
 365   5.4898193347e-05  1.1430158874e+02  3.4163561383e-01  1.7183083503e-01  4.2919997065e+02  3.7903659185e+00 
 366   5.5048599356e-05  1.1430158874e+02  3.4163561383e-01  1.7183083503e-01  4.2919997065e+02  3.7903659185e+00 
 367   5.5199005365e-05  1.1430158874e+02  3.4163561383e-01  1.7183083503e-01  4.2919997065e+02  3.7903659185e+00 
 368   5.5349411374e-05  1.1430158874e+02  3.4163561383e-01  1.7183083503e-01  4.2919997065e+02  3.7903659185e+00 
 369   5.5499817383e-05  1.1430158874e+02  3.4163561383e-01  1.7183083503e-01  4.2919997065e+02  3.7903659185e+00 
 370   5.5650223392e-05  1.1430158874e+02  3.4163561383e-01  1.7183083503e-01  4.2919997065e+02  3.7903659185e+00 
 371   5.5800629402e-05  1.1430158874e+02  3.4163561383e-01  1.7183083503e-01  4.2919997065e+02  3.7903659185e+00 
 372   5.5951035411e-05  1.1430158874e+02  3.4163561383e-01  1.7183083503e-01  4.2919997065e+02  3.7903659185e+00 
 373   5.6101441420e-05  1.1430158874e+02  3.4163561383e-01  1.7183083503e-01  4.2919997065e+02  3.7903659185e+00 
 374   5.6251847429e-05  1.1430158874e+02  3.4163561383e-01  1.7183083503e-01  4.2919997065e+02  3.7903659185e+00 
 375   5.6402253438e-05  1.1430158874e+02  3.4163561383e-01  1.7183083503e-01  4.2919997065e+02  3.7903659185e+00 
 376   5.6552659447e-05  1.1430158874e+02  3.4163561383e-01  1.7183083503e-01  4.2919997065e+02  3.7903659185e+00 
 377   5.6703065457e-05  1.1430158874e+02  3.4163561383e-01  1.7183083503e-01  4.2919997065e+02  3.7903659185e+00 
 378   5.6853471466e-05  1.1430158874e+02  3.4163561383e-01  1.7183083503e-01  4.2919997065e+02  3.7903659185e+00 
 379   5.7003877475e-05  1.1430158874e+02  3.4163561383e-01  1.7183083503e-01  4.2919997065e+02  3.7903659185e+00 
 380   5.7154283484e-05  1.1430158874e+02  3.4163561383e-01  1.7183083503e-01  4.2919997065e+02  3.7903659185e+00 
 381   5.7304689493e-05  1.1430158874e+02  3.4163561383e-01  1.7183083503e-01  4.2919997065e+02  3.7903659185e+00 
 382   5.7455095502e-05  1.1430158874e+02  3.4163561383e-01  1.7183083503e-01  4.2919997065e+02  3.7903659185e+00 
 383   5.7605501512e-05  1.1430158874e+02  3.4163561383e-01  1.7183083503e-01  4.2919997065e+02  3.7903659185e+00 
 384   5.7755907521e-05  1.1430158874e+02  3.4163561383e-01  1.7183083503e-01  4.2919997065e+02  3.7903659185e+00 
 385   5.7906313530e-05  1.1430158874e+02  3.4163561383e-01  1.7183083503e-01  4.2919997065e+02  3.7903659185e+00 
 386   5.8056719539e-05  1.1430158874e+02  3.4163561383e-01  1.7183083503e-01  4.2919997065e+02  3.7903659185e+00 
 387   5.8207125548e-05  1.1430158874e+02  3.4163561383e-01  1.7183083503e-01  4.2919997065e+02  3.7903659185e+00 
 388   5.8357531558e-05  1.1430158874e+02  3.4163561383e-01  1.7183083503e-01  4.2919997065e+02  3.7903659185e+00 
 389   5.8507937567e-05  1.1430158874e+02  3.4163561383e-01  1.7183083503e-01  4.2919997065e+02  3.7903659185e+00 
 390   5.8658343576e-05  1.1430158874e+02  3.4163561383e-01  1.7183083503e-01  4.2919997065e+02  3.7903659185e+00 
 391   5.8808749585e-05  1.1430158874e+02  3.4163561383e-01  1.7183083503e-01  4.2919997065e+02  3.7903659185e+00 
 392   5.8959155594e-05  1.1430158874e+02  3.4163561383e-01  1.7183083503e-01  4.2919997065e+02  3.7903659185e+00 
 393   5.9109561603e-05  1.1430158874e+02  3.4163561383e-01  1.7183083503e-01  4.2919997065e+02  3.7903659185e+00 
 394   5.9259967613e-05  1.1430158874e+02  3.4163561383e-01  1.7183083503e-01  4.2919997065e+02  3.7903659185e+00 
 395   5.9410373622e-05  1.1430158874e+02  3.4163561383e-01  1.7183083503e-01  4.2919997065e+02  3.7903659185e+00 
 396   5.9560779631e-05  1.1430158874e+02  3.4163561383e-01  1.7183083503e-01  4.2919997065e+02  3.7903659185e+00 
 397   5.9711185640e-05  1.1430158874e+02  3.4163561383e-01  1.7183083503e-01  4.2919997065e+02  3.7903659185e+00 
 398   5.9861591649e-05  1.1430158874e+02  3.4163561383e-01  1.7183083503e-01  4.2919997065e+02  3.7903659185e+00 
 399   6.0011997658e-05  1.1430158874e+02  3.4163561383e-01  1.7183083503e-01  4.2919997065e+02  3.7903659185e+00 
 400   6.0162403668e-05  1.1430158874e+02  3.4163561383e-01  1.7183083503e-01  4.2919997065e+02  3.7903659185e+00 
