-----------------------------------------------------------------------------------
 Eq      N-i            T    dB      Ri/R1      Ri/R0       R/Ri    lsIt   dB   %t
-----------------------------------------------------------------------------------
 NS     11-1    1.720e+03 [   0  1.000e+00  5.494e-02  9.921e-11] [  646 -230    4]
 NS     11-2    1.772e+03 [-129  3.390e-07  1.863e-08  9.896e-11] [  523 -230   99]
 NS     11-3    1.820e+03 [-239  1.104e-12  6.067e-14  1.605e-08] [  416 -179   98]
 NS     12-1    1.889e+03 [   0  1.000e+00  3.209e-02  9.981e-11] [  643 -230   99]
 NS     12-2    1.936e+03 [-129  3.301e-07  1.059e-08  9.684e-11] [  450 -231   98]
 NS     12-3    1.978e+03 [-237  1.401e-12  4.494e-14  2.182e-08] [  402 -176   98]
 NS     13-1    2.043e+03 [   0  1.000e+00  1.849e-02  9.946e-11] [  641 -230   99]
 NS     13-2    2.098e+03 [-129  3.269e-07  6.044e-09  9.985e-11] [  532 -230   99]
 NS     13-3    2.137e+03 [-233  2.076e-12  3.838e-14  2.565e-08] [  375 -175   98]
 NS     14-1    2.202e+03 [   0  1.000e+00  1.053e-02  9.955e-11] [  641 -230   99]
 NS     14-2    2.252e+03 [-129  3.224e-07  3.395e-09  9.525e-11] [  486 -231   99]
 NS     14-3    2.289e+03 [-229  3.435e-12  3.617e-14  2.653e-08] [  352 -174   98]
 NS     15-1    2.354e+03 [   0  1.000e+00  5.936e-03  9.974e-11] [  644 -230   99]
 NS     15-2    2.402e+03 [-129  3.205e-07  1.902e-09  9.762e-11] [  485 -230   99]
 NS     15-3    2.434e+03 [-224  6.009e-12  3.567e-14  2.505e-08] [  291 -175   98]
 NS     16-1    2.501e+03 [   0  1.000e+00  3.316e-03  9.929e-11] [  647 -230   99]
 NS     16-2    2.555e+03 [-129  3.186e-07  1.057e-09  9.730e-11] [  488 -231   99]
 NS     16-3    2.584e+03 [-219  1.061e-11  3.517e-14  2.768e-08] [  282 -174   98]
 NS     17-1    2.654e+03 [   0  1.000e+00  1.838e-03  9.944e-11] [  650 -230   99]
 NS     17-2    2.707e+03 [-129  3.180e-07  5.844e-10  9.509e-11] [  488 -231   99]
 NS     17-3    2.739e+03 [-214  1.919e-11  3.526e-14  2.676e-08] [  274 -174   97]
 NS     18-1    2.810e+03 [   0  1.000e+00  1.011e-03  9.870e-11] [  654 -230   99]
 NS     18-2    2.866e+03 [-129  3.177e-07  3.213e-10  9.929e-11] [  503 -230   98]
 NS     18-3    2.907e+03 [-209  3.472e-11  3.512e-14  2.684e-08] [  358 -174   98]
 NS     19-1    2.979e+03 [   0  1.000e+00  5.529e-04  9.981e-11] [  657 -230   99]
 NS     19-2    3.035e+03 [-129  3.181e-07  1.759e-10  9.952e-11] [  496 -230   99]
 NS     19-3    3.069e+03 [-203  6.351e-11  3.511e-14  2.785e-08] [  297 -174   98]
 NS     20-1    3.139e+03 [   0  1.000e+00  3.005e-04  9.597e-11] [  660 -231   99]
 NS     20-2s   3.186e+03 [-129  3.189e-07  9.584e-11  9.902e-11] [  489 -230   98]
 NS     21-1    3.245e+03 [   0  1.000e+00  1.624e-04  9.912e-11] [  661 -230   97]
 NS     21-2    3.287e+03 [-129  3.202e-07  5.201e-11  9.841e-11] [  493 -230   98]
 NS     22-1    3.344e+03 [   0  1.000e+00  8.739e-05  9.870e-11] [  663 -230   99]
 NS     22-2    3.387e+03 [-129  3.218e-07  2.812e-11  9.726e-11] [  501 -231   98]
 NS     23-1    3.442e+03 [   0  1.000e+00  4.679e-05  9.696e-11] [  665 -231   99]
 NS     23-2    3.486e+03 [-129  3.237e-07  1.515e-11  9.984e-11] [  527 -230   98]
 NS     24-1    3.543e+03 [   0  1.000e+00  2.495e-05  9.936e-11] [  665 -230   99]
 NS     24-2    3.588e+03 [-129  3.259e-07  8.132e-12  1.178e-10] [  513 -229   98]
 NS     25-1    3.654e+03 [   0  1.000e+00  1.325e-05  9.654e-11] [  664 -231   99]
 NS     25-2    3.696e+03 [-129  3.285e-07  4.353e-12  2.230e-10] [  481 -222   98]
 NS     26-1    3.752e+03 [   0  1.000e+00  7.012e-06  9.722e-11] [  667 -231   99]
 NS     26-2    3.788e+03 [-129  3.313e-07  2.323e-12  4.076e-10] [  426 -216   98]
 NS     27-1    3.844e+03 [   0  1.000e+00  3.697e-06  9.571e-11] [  669 -231   99]
 NS     27-2    3.877e+03 [-129  3.345e-07  1.237e-12  6.937e-10] [  391 -211   98]
 NS     28-1    3.933e+03 [   0  1.000e+00  1.943e-06  9.797e-11] [  669 -230   99]
 NS     28-2    3.965e+03 [-129  3.382e-07  6.572e-13  1.499e-09] [  381 -203   98]
 NS     29-1    4.027e+03 [   0  1.000e+00  1.018e-06  9.323e-11] [  669 -231   99]
 NS     29-2    4.064e+03 [-129  3.430e-07  3.492e-13  2.647e-09] [  375 -197   98]
 NS     30-1    4.133e+03 [   0  1.000e+00  5.319e-07  9.335e-11] [  670 -231   99]
 NS     30-2s   4.170e+03 [-129  3.507e-07  1.865e-13  5.254e-09] [  363 -191   98]
 NS     31-1    4.239e+03 [   0  1.000e+00  2.771e-07  9.496e-11] [  671 -231   97]
 NS     31-2    4.275e+03 [-128  3.682e-07  1.020e-13  9.306e-09] [  363 -185   98]
 NS     32-1    4.347e+03 [   0  1.000e+00  1.439e-07  9.440e-11] [  672 -231   99]
 NS     32-2    4.381e+03 [-127  4.183e-07  6.022e-14  1.591e-08] [  355 -180   98]
 NS     33-1    4.445e+03 [   0  1.000e+00  7.459e-08  9.836e-11] [  672 -230   99]
 NS     33-2    4.476e+03 [-125  5.619e-07  4.192e-14  2.326e-08] [  323 -176   98]
 NS     34-1    4.539e+03 [   0  1.000e+00  3.856e-08  9.477e-11] [  673 -231   99]
 NS     34-2    4.568e+03 [-120  9.118e-07  3.516e-14  2.745e-08] [  309 -174   97]
 NS     35-1    4.639e+03 [   0  1.000e+00  1.989e-08  9.374e-11] [  673 -231   99]
 NS     35-2    4.677e+03 [-115  1.639e-06  3.259e-14  3.012e-08] [  358 -173   98]
 NS     36-1    4.743e+03 [   0  1.000e+00  1.023e-08  9.979e-11] [  673 -230   99]
 NS     36-2    4.776e+03 [-109  3.183e-06  3.256e-14  3.010e-08] [  330 -173   98]
 NS     37-1    4.841e+03 [   0  1.000e+00  5.253e-09  9.977e-11] [  674 -230   99]
 NS     37-2    4.872e+03 [-104  6.141e-06  3.226e-14  2.936e-08] [  356 -173   98]
 NS     38-1    4.931e+03 [   0  1.000e+00  2.691e-09  9.977e-11] [  677 -230   99]
 NS     38-2    4.960e+03 [ -98  1.192e-05  3.209e-14  3.012e-08] [  328 -173   97]
 NS     39-1    5.020e+03 [   0  1.000e+00  1.376e-09  9.769e-11] [  680 -230   99]
 NS     39-2    5.050e+03 [ -92  2.332e-05  3.209e-14  3.055e-08] [  330 -173   97]
 NS     40-1    5.112e+03 [   0  1.000e+00  7.022e-10  9.831e-11] [  682 -230   99]
 NS     40-2s   5.142e+03 [ -86  4.569e-05  3.209e-14  3.019e-08] [  326 -173   97]
 NS     41-1    5.204e+03 [   0  1.000e+00  3.576e-10  9.975e-11] [  686 -230   97]
 NS     41-2    5.230e+03 [ -80  8.963e-05  3.205e-14  3.026e-08] [  286 -173   97]
 NS     42-1    5.291e+03 [   0  1.000e+00  1.818e-10  9.852e-11] [  688 -230   99]
 NS     42-2    5.317e+03 [ -75  1.749e-04  3.180e-14  3.078e-08] [  297 -173   97]
 NS     43-1    5.376e+03 [   0  1.000e+00  9.226e-11  9.940e-11] [  687 -230   99]
 NS     43-2    5.410e+03 [ -69  3.482e-04  3.213e-14  3.067e-08] [  358 -173   98]
 NS     44-1    5.472e+03 [   0  1.000e+00  4.673e-11  9.923e-11] [  686 -230   99]
 NS     44-2    5.502e+03 [ -63  6.810e-04  3.183e-14  3.103e-08] [  305 -173   97]
 NS     45-1    5.580e+03 [   0  1.000e+00  2.363e-11  9.979e-11] [  687 -230   99]
 NS     45-2    5.618e+03 [ -57  1.328e-03  3.140e-14  3.091e-08] [  326 -173   98]
 NS     46-1    5.684e+03 [   0  1.000e+00  1.193e-11  9.936e-11] [  691 -230   99]
 NS     46-2    5.711e+03 [ -51  2.670e-03  3.186e-14  3.098e-08] [  286 -173   97]
 NS     47-1    5.771e+03 [   0  1.000e+00  6.014e-12  1.594e-10] [  673 -226   99]
 NS     47-2    5.796e+03 [ -45  5.249e-03  3.157e-14  3.060e-08] [  295 -173   97]
 NS     48-1    5.849e+03 [   0  1.000e+00  3.027e-12  3.231e-10] [  663 -219   99]
 NS     48-2    5.876e+03 [ -39  1.028e-02  3.112e-14  3.181e-08] [  314 -173   97]
 NS     49-1    5.928e+03 [   0  1.000e+00  1.522e-12  6.451e-10] [  637 -212   99]
 NS     49-2    5.957e+03 [ -33  2.053e-02  3.123e-14  3.140e-08] [  345 -173   97]
 NS     50-1    6.007e+03 [   0  1.000e+00  7.646e-13  1.281e-09] [  608 -205   99]
 NS     50-2s   6.034e+03 [ -27  4.118e-02  3.149e-14  3.137e-08] [  326 -173   97]
 NS     51-1    6.084e+03 [   0  1.000e+00  3.854e-13  2.551e-09] [  591 -198   96]
 NS     51-2    6.111e+03 [ -21  8.065e-02  3.108e-14  3.106e-08] [  327 -173   97]
 NS     52-1    6.156e+03 [   0  1.000e+00  1.972e-13  5.019e-09] [  558 -191   98]
 NS     52-2    6.181e+03 [ -15  1.588e-01  3.131e-14  3.108e-08] [  292 -173   97]
 NS     53-1    6.225e+03 [   0  1.000e+00  1.073e-13  8.976e-09] [  538 -185   98]
 NS     53-2    6.252e+03 [ -10  2.911e-01  3.122e-14  3.092e-08] [  312 -173   97]
 NS     54-1    6.295e+03 [   0  1.000e+00  6.838e-14  1.391e-08] [  526 -181   98]
 NS     54-2    6.319e+03 [  -6  4.596e-01  3.143e-14  3.134e-08] [  278 -173   97]
 NS     55-1    6.359e+03 [   0  1.000e+00  5.538e-14  1.762e-08] [  492 -179   98]
 NS     55-2    6.388e+03 [  -4  5.646e-01  3.127e-14  3.116e-08] [  347 -173   97]
 NS     56-1    6.427e+03 [   0  1.000e+00  5.107e-14  1.927e-08] [  471 -178   98]
 NS     56-2    6.447e+03 [  -4  6.115e-01  3.123e-14  3.075e-08] [  237 -173   96]
 NS     57-1    6.484e+03 [   0  1.000e+00  4.949e-14  1.956e-08] [  457 -177   98]
 NS     57-2    6.513e+03 [  -4  6.269e-01  3.102e-14  3.031e-08] [  345 -173   97]
 NS     58-1    6.548e+03 [   0  1.000e+00  4.982e-14  1.961e-08] [  431 -177   98]
 NS     58-2    6.572e+03 [  -4  6.290e-01  3.134e-14  3.156e-08] [  275 -173   97]
 NS     59-1    6.606e+03 [   0  1.000e+00  4.981e-14  1.966e-08] [  413 -177   98]
 NS     59-2    6.629e+03 [  -4  6.233e-01  3.104e-14  3.014e-08] [  277 -173   97]
 NS     60-1    6.661e+03 [   0  1.000e+00  5.018e-14  1.945e-08] [  380 -178   98]
 NS     60-2s   6.690e+03 [  -4  6.223e-01  3.122e-14  3.137e-08] [  354 -173   98]
 NS     61-1    6.721e+03 [   0  1.000e+00  5.055e-14  1.934e-08] [  352 -178   94]
 NS     61-2    6.747e+03 [  -4  6.032e-01  3.049e-14  3.232e-08] [  311 -172   97]
 NS     62-1    6.776e+03 [   0  1.000e+00  4.945e-14  1.943e-08] [  351 -178   97]
 NS     62-2    6.806e+03 [  -4  6.036e-01  2.985e-14  3.262e-08] [  357 -172   97]
 NS     63-1    6.834e+03 [   0  1.000e+00  4.952e-14  1.969e-08] [  333 -177   97]
 NS     63-2    6.858e+03 [  -4  6.043e-01  2.993e-14  3.291e-08] [  279 -172   97]
 NS     64-1    6.883e+03 [   0  1.000e+00  4.895e-14  1.972e-08] [  293 -177   97]
 NS     64-2    6.906e+03 [  -4  6.119e-01  2.995e-14  3.296e-08] [  274 -172   97]
 NS     65-1    6.936e+03 [   0  1.000e+00  4.881e-14  2.002e-08] [  362 -177   98]
 NS     65-2    6.963e+03 [  -4  6.195e-01  3.024e-14  3.222e-08] [  324 -173   97]
 NS     66-1    6.988e+03 [   0  1.000e+00  4.774e-14  1.997e-08] [  290 -177   97]
 NS     66-2    7.014e+03 [  -3  6.571e-01  3.137e-14  3.112e-08] [  317 -173   97]
 NS     67-1    7.039e+03 [   0  1.000e+00  4.717e-14  2.032e-08] [  293 -177   97]
 NS     67-2    7.066e+03 [  -3  6.549e-01  3.089e-14  3.200e-08] [  317 -173   97]
 NS     68-1    7.093e+03 [   0  1.000e+00  4.679e-14  2.115e-08] [  320 -177   97]
 NS     68-2    7.116e+03 [  -4  6.252e-01  2.925e-14  3.388e-08] [  278 -172   97]
 NS     69-1    7.145e+03 [   0  1.000e+00  4.615e-14  2.085e-08] [  339 -177   97]
 NS     69-2    7.167e+03 [  -3  6.578e-01  3.036e-14  3.228e-08] [  262 -172   97]
 NS     70-1    7.192e+03 [   0  1.000e+00  4.708e-14  2.001e-08] [  294 -177   97]
 NS     70-2s   7.211e+03 [  -3  6.317e-01  2.974e-14  2.969e-08] [  230 -173   96]
 NS     71-1    7.234e+03 [   0  1.000e+00  4.735e-14  2.088e-08] [  250 -177   92]
 NS     71-2    7.255e+03 [  -3  6.375e-01  3.019e-14  2.977e-08] [  250 -173   97]
 NS     72-1    7.286e+03 [   0  1.000e+00  4.623e-14  2.130e-08] [  371 -177   98]
 NS     72-2    7.307e+03 [  -3  6.683e-01  3.089e-14  3.210e-08] [  255 -173   97]
 NS     73-1    7.338e+03 [   0  1.000e+00  4.825e-14  2.053e-08] [  370 -177   98]
 NS     73-2    7.360e+03 [  -3  6.454e-01  3.114e-14  3.175e-08] [  254 -173   97]
 NS     74-1    7.388e+03 [   0  1.000e+00  4.794e-14  2.054e-08] [  341 -177   97]
 NS     74-2    7.412e+03 [  -3  6.386e-01  3.061e-14  3.195e-08] [  284 -173   97]
 NS     75-1    7.439e+03 [   0  1.000e+00  4.567e-14  2.116e-08] [  319 -177   97]
 NS     75-2    7.467e+03 [  -3  6.760e-01  3.087e-14  3.113e-08] [  343 -173   97]
 NS     76-1    7.496e+03 [   0  1.000e+00  4.742e-14  2.038e-08] [  345 -177   97]
 NS     76-2    7.525e+03 [  -3  6.632e-01  3.145e-14  3.122e-08] [  350 -173   97]
 NS     77-1    7.555e+03 [   0  1.000e+00  4.869e-14  2.008e-08] [  358 -177   97]
 NS     77-2    7.576e+03 [  -3  6.449e-01  3.140e-14  3.148e-08] [  242 -173   97]
 NS     78-1    7.607e+03 [   0  1.000e+00  4.859e-14  2.010e-08] [  371 -177   97]
 NS     78-2    7.634e+03 [  -3  6.333e-01  3.077e-14  3.204e-08] [  324 -173   97]
 NS     79-1    7.664e+03 [   0  1.000e+00  4.942e-14  1.982e-08] [  366 -177   97]
 NS     79-2    7.693e+03 [  -3  6.360e-01  3.143e-14  3.001e-08] [  347 -173   97]
 NS     80-1    7.724e+03 [   0  1.000e+00  4.930e-14  1.968e-08] [  370 -177   98]
 NS     80-2s   7.753e+03 [  -4  6.290e-01  3.101e-14  3.162e-08] [  343 -173   97]
 NS     81-1    7.780e+03 [   0  1.000e+00  5.032e-14  1.935e-08] [  313 -178   93]
 NS     81-2    7.802e+03 [  -4  6.241e-01  3.141e-14  3.152e-08] [  259 -173   97]
 NS     82-1    7.822e+03 [   0  1.000e+00  4.871e-14  1.899e-08] [  238 -178   96]
 NS     82-2    7.843e+03 [  -4  6.124e-01  2.983e-14  3.152e-08] [  239 -173   96]
 NS     83-1    7.869e+03 [   0  1.000e+00  4.865e-14  2.019e-08] [  308 -177   97]
 NS     83-2    7.889e+03 [  -3  6.400e-01  3.114e-14  3.045e-08] [  243 -173   97]
 NS     84-1    7.917e+03 [   0  1.000e+00  4.797e-14  1.993e-08] [  332 -177   97]
 NS     84-2    7.947e+03 [  -3  6.533e-01  3.134e-14  3.139e-08] [  369 -173   98]
 NS     85-1    7.978e+03 [   0  1.000e+00  4.862e-14  2.036e-08] [  368 -177   98]
 NS     85-2    8.002e+03 [  -3  6.393e-01  3.108e-14  3.119e-08] [  277 -173   97]
 NS     86-1    8.030e+03 [   0  1.000e+00  4.887e-14  1.886e-08] [  335 -178   97]
 NS     86-2    8.053e+03 [  -3  6.420e-01  3.137e-14  3.074e-08] [  277 -173   97]
 NS     87-1    8.082e+03 [   0  1.000e+00  4.942e-14  1.965e-08] [  348 -177   97]
 NS     87-2    8.110e+03 [  -3  6.343e-01  3.135e-14  3.085e-08] [  336 -173   97]
 NS     88-1    8.139e+03 [   0  1.000e+00  4.949e-14  1.981e-08] [  350 -177   97]
 NS     88-2    8.166e+03 [  -4  6.293e-01  3.114e-14  3.174e-08] [  317 -173   97]
 NS     89-1    8.198e+03 [   0  1.000e+00  4.960e-14  1.997e-08] [  386 -177   98]
 NS     89-2    8.225e+03 [  -3  6.340e-01  3.144e-14  3.106e-08] [  324 -173   97]
 NS     90-1    8.254e+03 [   0  1.000e+00  4.972e-14  1.924e-08] [  351 -178   97]
 NS     90-2s   8.280e+03 [  -4  6.299e-01  3.132e-14  3.103e-08] [  299 -173   97]
 NS     91-1    8.313e+03 [   0  1.000e+00  4.987e-14  1.940e-08] [  388 -178   95]
 NS     91-2    8.338e+03 [  -4  6.191e-01  3.087e-14  3.181e-08] [  292 -173   97]
 NS     92-1    8.367e+03 [   0  1.000e+00  4.856e-14  2.031e-08] [  348 -177   97]
 NS     92-2    8.390e+03 [  -3  6.392e-01  3.104e-14  3.084e-08] [  270 -173   97]
 NS     93-1    8.417e+03 [   0  1.000e+00  4.722e-14  2.064e-08] [  333 -177   97]
 NS     93-2    8.438e+03 [  -3  6.453e-01  3.047e-14  3.223e-08] [  244 -173   97]
 NS     94-1    8.468e+03 [   0  1.000e+00  4.714e-14  2.046e-08] [  356 -177   97]
 NS     94-2    8.491e+03 [  -3  6.432e-01  3.032e-14  3.247e-08] [  278 -172   97]
 NS     95-1    8.516e+03 [   0  1.000e+00  4.635e-14  2.130e-08] [  300 -177   97]
 NS     95-2    8.538e+03 [  -3  6.462e-01  2.995e-14  3.248e-08] [  250 -172   96]
 NS     96-1    8.565e+03 [   0  1.000e+00  4.599e-14  2.138e-08] [  328 -177   97]
 NS     96-2    8.590e+03 [  -3  6.644e-01  3.056e-14  3.205e-08] [  300 -173   97]
 NS     97-1    8.614e+03 [   0  1.000e+00  4.620e-14  2.125e-08] [  280 -177   97]
 NS     97-2    8.643e+03 [  -3  6.539e-01  3.021e-14  3.237e-08] [  339 -172   97]
 NS     98-1    8.672e+03 [   0  1.000e+00  4.694e-14  2.087e-08] [  352 -177   97]
 NS     98-2    8.689e+03 [  -3  6.576e-01  3.086e-14  2.638e-08] [  202 -175   96]
 NS     99-1    8.715e+03 [   0  1.000e+00  4.724e-14  2.066e-08] [  310 -177   97]
 NS     99-2    8.739e+03 [  -3  6.365e-01  3.007e-14  3.271e-08] [  274 -172   97]
 NS    100-1    8.764e+03 [   0  1.000e+00  4.686e-14  2.079e-08] [  305 -177   97]
 NS    100-2s   8.790e+03 [  -3  6.353e-01  2.977e-14  3.246e-08] [  298 -172   97]
 NS    101-1    8.820e+03 [   0  1.000e+00  4.791e-14  1.990e-08] [  349 -177   94]
 NS    101-2    8.841e+03 [  -3  6.541e-01  3.134e-14  3.107e-08] [  247 -173   97]
 NS    102-1    8.870e+03 [   0  1.000e+00  4.800e-14  2.004e-08] [  349 -177   97]
 NS    102-2    8.900e+03 [  -3  6.422e-01  3.083e-14  3.139e-08] [  357 -173   98]
 NS    103-1    8.929e+03 [   0  1.000e+00  4.939e-14  1.997e-08] [  346 -177   97]
 NS    103-2    8.958e+03 [  -3  6.402e-01  3.162e-14  3.120e-08] [  348 -173   97]
 NS    104-1    8.984e+03 [   0  1.000e+00  4.779e-14  2.048e-08] [  322 -177   97]
 NS    104-2    9.012e+03 [  -3  6.398e-01  3.057e-14  3.200e-08] [  335 -173   97]
 NS    105-1    9.040e+03 [   0  1.000e+00  4.853e-14  2.000e-08] [  330 -177   97]
 NS    105-2    9.063e+03 [  -3  6.321e-01  3.068e-14  3.223e-08] [  275 -173   97]
 NS    106-1    9.085e+03 [   0  1.000e+00  4.835e-14  2.033e-08] [  262 -177   97]
 NS    106-2    9.108e+03 [  -4  6.130e-01  2.964e-14  3.286e-08] [  271 -172   97]
 NS    107-1    9.135e+03 [   0  1.000e+00  4.728e-14  2.089e-08] [  318 -177   97]
 NS    107-2    9.162e+03 [  -3  6.341e-01  2.998e-14  3.240e-08] [  331 -172   97]
 NS    108-1    9.185e+03 [   0  1.000e+00  4.962e-14  1.853e-08] [  261 -178   96]
 NS    108-2    9.206e+03 [  -4  6.183e-01  3.068e-14  3.179e-08] [  252 -173   97]
 NS    109-1    9.236e+03 [   0  1.000e+00  4.781e-14  2.043e-08] [  359 -177   97]
 NS    109-2    9.254e+03 [  -3  6.507e-01  3.111e-14  3.152e-08] [  209 -173   96]
 NS    110-1    9.281e+03 [   0  1.000e+00  4.767e-14  2.040e-08] [  327 -177   97]
 NS    110-2s   9.308e+03 [  -3  6.448e-01  3.074e-14  3.166e-08] [  324 -173   97]
 NS    111-1    9.338e+03 [   0  1.000e+00  4.731e-14  2.095e-08] [  338 -177   94]
 NS    111-2    9.365e+03 [  -3  6.488e-01  3.070e-14  3.199e-08] [  324 -173   97]
 NS    112-1    9.392e+03 [   0  1.000e+00  4.787e-14  2.062e-08] [  314 -177   97]
 NS    112-2    9.413e+03 [  -3  6.454e-01  3.090e-14  3.130e-08] [  256 -173   97]
 NS    113-1    9.443e+03 [   0  1.000e+00  4.783e-14  2.038e-08] [  364 -177   98]
 NS    113-2    9.467e+03 [  -3  6.415e-01  3.068e-14  3.083e-08] [  280 -173   97]
 NS    114-1    9.496e+03 [   0  1.000e+00  4.636e-14  2.041e-08] [  349 -177   97]
 NS    114-2    9.518e+03 [  -3  6.570e-01  3.046e-14  3.183e-08] [  257 -173   97]
 NS    115-1    9.547e+03 [   0  1.000e+00  4.548e-14  2.163e-08] [  352 -176   98]
 NS    115-2    9.565e+03 [  -3  6.662e-01  3.030e-14  3.211e-08] [  206 -173   96]
 NS    116-1    9.588e+03 [   0  1.000e+00  4.572e-14  2.119e-08] [  268 -177   97]
 NS    116-2    9.616e+03 [  -3  6.562e-01  3.000e-14  3.304e-08] [  330 -172   97]
 NS    117-1    9.638e+03 [   0  1.000e+00  4.790e-14  2.054e-08] [  265 -177   97]
 NS    117-2    9.667e+03 [  -4  6.278e-01  3.007e-14  3.217e-08] [  343 -173   98]
 NS    118-1    9.693e+03 [   0  1.000e+00  4.527e-14  2.149e-08] [  316 -177   97]
 NS    118-2    9.721e+03 [  -3  6.639e-01  3.005e-14  3.208e-08] [  339 -173   97]
 NS    119-1    9.747e+03 [   0  1.000e+00  4.628e-14  2.122e-08] [  309 -177   97]
 NS    119-2    9.774e+03 [  -3  6.379e-01  2.952e-14  3.352e-08] [  311 -172   97]
 NS    120-1    9.798e+03 [   0  1.000e+00  4.760e-14  2.012e-08] [  291 -177   97]
 NS    120-2s   9.824e+03 [  -3  6.396e-01  3.044e-14  3.246e-08] [  309 -172   97]
 NS    121-1    9.854e+03 [   0  1.000e+00  4.849e-14  1.949e-08] [  338 -178   94]
 NS    121-2    9.881e+03 [  -3  6.374e-01  3.091e-14  3.052e-08] [  328 -173   97]
 NS    122-1    9.905e+03 [   0  1.000e+00  4.843e-14  2.007e-08] [  286 -177   97]
 NS    122-2    9.934e+03 [  -3  6.468e-01  3.133e-14  3.040e-08] [  348 -173   98]
 NS    123-1    9.957e+03 [   0  1.000e+00  4.737e-14  2.023e-08] [  276 -177   97]
 NS    123-2    9.981e+03 [  -3  6.527e-01  3.092e-14  3.137e-08] [  278 -173   97]
 NS    124-1    1.001e+04 [   0  1.000e+00  4.776e-14  2.073e-08] [  354 -177   97]
 NS    124-2    1.004e+04 [  -3  6.387e-01  3.050e-14  3.173e-08] [  318 -173   97]
 NS    125-1    1.007e+04 [   0  1.000e+00  4.680e-14  2.112e-08] [  362 -177   98]
 NS    125-2    1.009e+04 [  -3  6.698e-01  3.135e-14  3.089e-08] [  254 -173   97]
 NS    126-1    1.011e+04 [   0  1.000e+00  4.893e-14  1.998e-08] [  316 -177   97]
 NS    126-2    1.014e+04 [  -4  6.237e-01  3.052e-14  3.156e-08] [  239 -173   96]
 NS    127-1    1.016e+04 [   0  1.000e+00  4.726e-14  1.941e-08] [  294 -178   97]
 NS    127-2    1.018e+04 [  -3  6.348e-01  3.000e-14  3.200e-08] [  288 -173   97]
 NS    128-1    1.021e+04 [   0  1.000e+00  4.638e-14  2.073e-08] [  320 -177   97]
 NS    128-2    1.023e+04 [  -3  6.360e-01  2.950e-14  3.344e-08] [  284 -172   97]
 NS    129-1    1.027e+04 [   0  1.000e+00  4.677e-14  2.106e-08] [  384 -177   98]
 NS    129-2    1.029e+04 [  -3  6.759e-01  3.162e-14  2.961e-08] [  270 -173   97]
 NS    130-1    1.032e+04 [   0  1.000e+00  4.787e-14  2.065e-08] [  317 -177   97]
 NS    130-2s   1.034e+04 [  -3  6.435e-01  3.080e-14  3.123e-08] [  323 -173   97]
 NS    131-1    1.037e+04 [   0  1.000e+00  4.721e-14  2.076e-08] [  362 -177   94]
 NS    131-2    1.040e+04 [  -3  6.395e-01  3.019e-14  3.280e-08] [  303 -172   97]
 NS    132-1    1.042e+04 [   0  1.000e+00  4.675e-14  2.087e-08] [  279 -177   97]
 NS    132-2    1.045e+04 [  -3  6.519e-01  3.047e-14  3.098e-08] [  258 -173   97]
 NS    133-1    1.047e+04 [   0  1.000e+00  4.735e-14  2.092e-08] [  271 -177   97]
 NS    133-2    1.049e+04 [  -3  6.364e-01  3.013e-14  3.117e-08] [  269 -173   97]
 NS    134-1    1.052e+04 [   0  1.000e+00  4.655e-14  1.993e-08] [  324 -177   97]
 NS    134-2    1.055e+04 [  -3  6.683e-01  3.111e-14  3.126e-08] [  329 -173   97]
 NS    135-1    1.058e+04 [   0  1.000e+00  4.738e-14  1.964e-08] [  350 -177   97]
 NS    135-2    1.060e+04 [  -3  6.513e-01  3.086e-14  3.095e-08] [  286 -173   97]
 NS    136-1    1.063e+04 [   0  1.000e+00  4.706e-14  2.049e-08] [  347 -177   97]
 NS    136-2    1.066e+04 [  -3  6.370e-01  2.998e-14  3.156e-08] [  349 -173   97]
 NS    137-1    1.069e+04 [   0  1.000e+00  4.667e-14  2.104e-08] [  371 -177   98]
 NS    137-2    1.072e+04 [  -3  6.514e-01  3.040e-14  3.195e-08] [  319 -173   97]
 NS    138-1    1.074e+04 [   0  1.000e+00  4.695e-14  2.084e-08] [  293 -177   97]
 NS    138-2    1.077e+04 [  -3  6.513e-01  3.058e-14  3.050e-08] [  352 -173   98]
 NS    139-1    1.080e+04 [   0  1.000e+00  4.723e-14  2.013e-08] [  327 -177   97]
 NS    139-2    1.083e+04 [  -3  6.626e-01  3.129e-14  3.123e-08] [  342 -173   97]
 NS    140-1    1.085e+04 [   0  1.000e+00  4.758e-14  2.076e-08] [  348 -177   97]
 NS    140-2s   1.088e+04 [  -3  6.490e-01  3.088e-14  3.089e-08] [  317 -173   97]
 NS    141-1    1.091e+04 [   0  1.000e+00  4.908e-14  1.988e-08] [  321 -177   94]
 NS    141-2    1.094e+04 [  -4  6.295e-01  3.089e-14  3.172e-08] [  335 -173   97]
 NS    142-1    1.097e+04 [   0  1.000e+00  4.841e-14  1.955e-08] [  339 -178   97]
 NS    142-2    1.099e+04 [  -3  6.537e-01  3.165e-14  3.116e-08] [  313 -173   97]
 NS    143-1    1.102e+04 [   0  1.000e+00  4.977e-14  1.975e-08] [  300 -177   97]
 NS    143-2    1.104e+04 [  -3  6.323e-01  3.147e-14  2.932e-08] [  261 -173   97]
 NS    144-1    1.107e+04 [   0  1.000e+00  4.765e-14  2.080e-08] [  332 -177   97]
 NS    144-2    1.109e+04 [  -3  6.461e-01  3.078e-14  3.188e-08] [  249 -173   97]
 NS    145-1    1.112e+04 [   0  1.000e+00  4.643e-14  2.129e-08] [  371 -177   98]
 NS    145-2    1.114e+04 [  -3  6.598e-01  3.064e-14  3.163e-08] [  297 -173   97]
 NS    146-1    1.117e+04 [   0  1.000e+00  4.682e-14  2.097e-08] [  313 -177   97]
 NS    146-2    1.120e+04 [  -3  6.439e-01  3.015e-14  3.226e-08] [  333 -172   97]
 NS    147-1    1.122e+04 [   0  1.000e+00  4.770e-14  2.070e-08] [  259 -177   97]
 NS    147-2    1.125e+04 [  -4  6.275e-01  2.993e-14  3.204e-08] [  346 -173   97]
 NS    148-1    1.128e+04 [   0  1.000e+00  4.755e-14  1.959e-08] [  352 -177   97]
 NS    148-2    1.131e+04 [  -4  6.293e-01  2.992e-14  3.154e-08] [  345 -173   97]
 NS    149-1    1.133e+04 [   0  1.000e+00  4.718e-14  2.079e-08] [  297 -177   97]
 NS    149-2    1.136e+04 [  -3  6.337e-01  2.990e-14  3.235e-08] [  320 -172   97]
 NS    150-1    1.139e+04 [   0  1.000e+00  4.857e-14  2.033e-08] [  356 -177   97]
 NS    150-2s   1.142e+04 [  -4  6.274e-01  3.047e-14  3.072e-08] [  346 -173   97]
 NS    151-1    1.145e+04 [   0  1.000e+00  4.760e-14  2.075e-08] [  358 -177   94]
 NS    151-2    1.147e+04 [  -3  6.558e-01  3.122e-14  3.143e-08] [  287 -173   97]
 NS    152-1    1.150e+04 [   0  1.000e+00  4.732e-14  2.039e-08] [  352 -177   97]
 NS    152-2    1.153e+04 [  -3  6.538e-01  3.094e-14  3.187e-08] [  276 -173   97]
 NS    153-1    1.156e+04 [   0  1.000e+00  4.726e-14  2.071e-08] [  353 -177   97]
 NS    153-2    1.158e+04 [  -3  6.562e-01  3.101e-14  3.160e-08] [  347 -173   98]
 NS    154-1    1.161e+04 [   0  1.000e+00  4.765e-14  2.067e-08] [  359 -177   97]
 NS    154-2    1.164e+04 [  -3  6.527e-01  3.110e-14  3.053e-08] [  346 -173   97]
 NS    155-1    1.167e+04 [   0  1.000e+00  4.694e-14  2.050e-08] [  339 -177   97]
 NS    155-2    1.170e+04 [  -3  6.573e-01  3.085e-14  3.155e-08] [  292 -173   97]
 NS    156-1    1.172e+04 [   0  1.000e+00  4.841e-14  1.849e-08] [  282 -178   97]
 NS    156-2    1.174e+04 [  -3  6.569e-01  3.180e-14  2.775e-08] [  213 -174   96]
 NS    157-1    1.177e+04 [   0  1.000e+00  4.892e-14  1.970e-08] [  341 -177   97]
 NS    157-2    1.179e+04 [  -4  6.100e-01  2.984e-14  3.278e-08] [  331 -172   97]
 NS    158-1    1.182e+04 [   0  1.000e+00  4.740e-14  2.058e-08] [  299 -177   97]
 NS    158-2    1.185e+04 [  -3  6.489e-01  3.076e-14  3.153e-08] [  318 -173   97]
 NS    159-1    1.187e+04 [   0  1.000e+00  4.825e-14  2.015e-08] [  333 -177   97]
 NS    159-2    1.190e+04 [  -4  6.278e-01  3.029e-14  3.265e-08] [  330 -172   97]
 NS    160-1    1.192e+04 [   0  1.000e+00  4.959e-14  1.967e-08] [  270 -177   97]
 NS    160-2s   1.195e+04 [  -3  6.368e-01  3.158e-14  3.128e-08] [  255 -173   97]
 NS    161-1    1.198e+04 [   0  1.000e+00  4.839e-14  2.006e-08] [  343 -177   94]
 NS    161-2    1.200e+04 [  -3  6.461e-01  3.127e-14  2.971e-08] [  278 -173   97]
 NS    162-1    1.203e+04 [   0  1.000e+00  4.929e-14  1.989e-08] [  311 -177   97]
 NS    162-2    1.205e+04 [  -3  6.320e-01  3.115e-14  3.154e-08] [  275 -173   97]
 NS    163-1    1.208e+04 [   0  1.000e+00  4.863e-14  2.039e-08] [  365 -177   97]
 NS    163-2    1.210e+04 [  -3  6.358e-01  3.092e-14  3.157e-08] [  294 -173   97]
 NS    164-1    1.213e+04 [   0  1.000e+00  4.625e-14  2.129e-08] [  348 -177   97]
 NS    164-2    1.216e+04 [  -3  6.716e-01  3.106e-14  3.042e-08] [  294 -173   97]
 NS    165-1    1.219e+04 [   0  1.000e+00  4.733e-14  2.045e-08] [  374 -177   97]
 NS    165-2    1.221e+04 [  -3  6.588e-01  3.118e-14  3.158e-08] [  294 -173   97]
 NS    166-1    1.225e+04 [   0  1.000e+00  4.775e-14  2.041e-08] [  378 -177   98]
 NS    166-2    1.227e+04 [  -3  6.458e-01  3.084e-14  3.213e-08] [  326 -173   97]
 NS    167-1    1.230e+04 [   0  1.000e+00  4.863e-14  2.013e-08] [  344 -177   97]
 NS    167-2    1.233e+04 [  -3  6.349e-01  3.087e-14  3.117e-08] [  298 -173   97]
 NS    168-1    1.236e+04 [   0  1.000e+00  4.792e-14  1.957e-08] [  333 -177   97]
 NS    168-2    1.238e+04 [  -3  6.489e-01  3.109e-14  3.106e-08] [  337 -173   97]
 NS    169-1    1.240e+04 [   0  1.000e+00  4.908e-14  1.994e-08] [  229 -177   96]
 NS    169-2    1.242e+04 [  -3  6.360e-01  3.121e-14  3.006e-08] [  235 -173   96]
 NS    170-1    1.245e+04 [   0  1.000e+00  4.913e-14  1.893e-08] [  364 -178   98]
 NS    170-2s   1.247e+04 [  -3  6.355e-01  3.122e-14  3.064e-08] [  245 -173   97]
 NS    171-1    1.250e+04 [   0  1.000e+00  4.802e-14  2.018e-08] [  339 -177   94]
 NS    171-2    1.253e+04 [  -3  6.484e-01  3.114e-14  3.090e-08] [  350 -173   98]
 NS    172-1    1.256e+04 [   0  1.000e+00  4.804e-14  2.042e-08] [  362 -177   97]
 NS    172-2    1.259e+04 [  -3  6.353e-01  3.052e-14  3.238e-08] [  275 -172   97]
 NS    173-1    1.261e+04 [   0  1.000e+00  4.709e-14  2.037e-08] [  288 -177   97]
 NS    173-2    1.264e+04 [  -3  6.331e-01  2.981e-14  3.268e-08] [  339 -172   97]
 NS    174-1    1.266e+04 [   0  1.000e+00  4.704e-14  2.109e-08] [  297 -177   97]
 NS    174-2    1.269e+04 [  -3  6.422e-01  3.021e-14  3.228e-08] [  336 -172   97]
 NS    175-1    1.272e+04 [   0  1.000e+00  4.679e-14  2.045e-08] [  289 -177   97]
 NS    175-2    1.274e+04 [  -3  6.698e-01  3.134e-14  3.087e-08] [  248 -173   97]
 NS    176-1    1.277e+04 [   0  1.000e+00  4.736e-14  2.091e-08] [  357 -177   97]
 NS    176-2    1.280e+04 [  -3  6.505e-01  3.080e-14  3.138e-08] [  333 -173   97]
 NS    177-1    1.282e+04 [   0  1.000e+00  4.660e-14  2.076e-08] [  302 -177   97]
 NS    177-2    1.285e+04 [  -3  6.505e-01  3.031e-14  3.259e-08] [  365 -172   98]
 NS    178-1    1.288e+04 [   0  1.000e+00  4.734e-14  2.088e-08] [  317 -177   97]
 NS    178-2    1.290e+04 [  -3  6.571e-01  3.111e-14  3.183e-08] [  299 -173   97]
 NS    179-1    1.294e+04 [   0  1.000e+00  4.845e-14  1.951e-08] [  387 -178   98]
 NS    179-2    1.296e+04 [  -3  6.352e-01  3.078e-14  3.063e-08] [  232 -173   96]
 NS    180-1    1.299e+04 [   0  1.000e+00  4.967e-14  1.932e-08] [  392 -178   98]
 NS    180-2s   1.301e+04 [  -3  6.373e-01  3.166e-14  3.083e-08] [  265 -173   97]
 NS    181-1    1.304e+04 [   0  1.000e+00  4.883e-14  2.021e-08] [  338 -177   94]
 NS    181-2    1.307e+04 [  -3  6.347e-01  3.099e-14  3.187e-08] [  302 -173   97]
 NS    182-1    1.309e+04 [   0  1.000e+00  4.806e-14  1.983e-08] [  333 -177   97]
 NS    182-2    1.312e+04 [  -3  6.411e-01  3.081e-14  3.182e-08] [  324 -173   97]
 NS    183-1    1.315e+04 [   0  1.000e+00  4.781e-14  1.989e-08] [  348 -177   97]
 NS    183-2    1.317e+04 [  -3  6.424e-01  3.071e-14  3.172e-08] [  227 -173   96]
 NS    184-1    1.320e+04 [   0  1.000e+00  4.716e-14  1.987e-08] [  325 -177   97]
 NS    184-2    1.323e+04 [  -3  6.626e-01  3.124e-14  3.147e-08] [  346 -173   97]
 NS    185-1    1.325e+04 [   0  1.000e+00  4.921e-14  1.998e-08] [  333 -177   97]
 NS    185-2    1.328e+04 [  -4  6.274e-01  3.087e-14  3.171e-08] [  366 -173   98]
 NS    186-1    1.331e+04 [   0  1.000e+00  4.755e-14  2.057e-08] [  289 -177   97]
 NS    186-2    1.334e+04 [  -4  6.298e-01  2.995e-14  3.176e-08] [  345 -173   97]
 NS    187-1    1.337e+04 [   0  1.000e+00  4.689e-14  2.077e-08] [  359 -177   97]
 NS    187-2    1.339e+04 [  -3  6.522e-01  3.058e-14  3.205e-08] [  287 -173   97]
 NS    188-1    1.342e+04 [   0  1.000e+00  4.745e-14  2.087e-08] [  342 -177   97]
 NS    188-2    1.345e+04 [  -3  6.436e-01  3.054e-14  3.201e-08] [  318 -173   97]
 NS    189-1    1.347e+04 [   0  1.000e+00  4.784e-14  2.071e-08] [  261 -177   97]
 NS    189-2    1.350e+04 [  -3  6.340e-01  3.033e-14  3.232e-08] [  337 -172   97]
 NS    190-1    1.352e+04 [   0  1.000e+00  4.643e-14  2.116e-08] [  308 -177   97]
 NS    190-2s   1.355e+04 [  -3  6.483e-01  3.010e-14  3.228e-08] [  349 -172   97]
 NS    191-1    1.358e+04 [   0  1.000e+00  4.725e-14  2.068e-08] [  318 -177   94]
 NS    191-2    1.361e+04 [  -3  6.456e-01  3.051e-14  3.248e-08] [  337 -172   97]
 NS    192-1    1.363e+04 [   0  1.000e+00  4.632e-14  2.090e-08] [  317 -177   97]
 NS    192-2    1.366e+04 [  -3  6.576e-01  3.046e-14  3.208e-08] [  296 -173   97]
 NS    193-1    1.369e+04 [   0  1.000e+00  4.737e-14  2.014e-08] [  323 -177   97]
 NS    193-2    1.371e+04 [  -3  6.563e-01  3.109e-14  3.109e-08] [  302 -173   97]
 NS    194-1    1.374e+04 [   0  1.000e+00  4.766e-14  2.066e-08] [  350 -177   97]
 NS    194-2    1.376e+04 [  -3  6.568e-01  3.130e-14  3.164e-08] [  248 -173   97]
 NS    195-1    1.378e+04 [   0  1.000e+00  4.819e-14  2.054e-08] [  233 -177   96]
 NS    195-2    1.381e+04 [  -4  6.300e-01  3.036e-14  3.245e-08] [  366 -172   98]
 NS    196-1    1.384e+04 [   0  1.000e+00  4.795e-14  1.949e-08] [  335 -178   97]
 NS    196-2    1.387e+04 [  -3  6.512e-01  3.122e-14  3.160e-08] [  334 -173   97]
 NS    197-1    1.389e+04 [   0  1.000e+00  4.880e-14  2.032e-08] [  317 -177   97]
 NS    197-2    1.392e+04 [  -4  6.251e-01  3.050e-14  3.230e-08] [  317 -172   97]
 NS    198-1    1.395e+04 [   0  1.000e+00  4.753e-14  2.085e-08] [  330 -177   97]
 NS    198-2    1.397e+04 [  -3  6.561e-01  3.119e-14  3.154e-08] [  276 -173   97]
 NS    199-1    1.400e+04 [   0  1.000e+00  4.808e-14  2.058e-08] [  355 -177   98]
 NS    199-2    1.403e+04 [  -3  6.492e-01  3.121e-14  3.166e-08] [  335 -173   97]
 NS    200-1    1.405e+04 [   0  1.000e+00  4.787e-14  2.032e-08] [  272 -177   97]
 NS    200-2s   1.407e+04 [  -4  6.209e-01  2.972e-14  3.126e-08] [  251 -173   97]
 NS    201-1    1.410e+04 [   0  1.000e+00  4.715e-14  2.065e-08] [  319 -177   94]
 NS    201-2    1.412e+04 [  -3  6.491e-01  3.060e-14  3.193e-08] [  267 -173   97]
 NS    202-1    1.415e+04 [   0  1.000e+00  4.719e-14  2.084e-08] [  335 -177   97]
 NS    202-2    1.417e+04 [  -3  6.426e-01  3.033e-14  3.059e-08] [  250 -173   97]
 NS    203-1    1.420e+04 [   0  1.000e+00  4.515e-14  2.176e-08] [  329 -176   97]
 NS    203-2    1.423e+04 [  -3  6.724e-01  3.036e-14  3.164e-08] [  346 -173   97]
 NS    204-1    1.426e+04 [   0  1.000e+00  4.648e-14  2.097e-08] [  362 -177   97]
 NS    204-2    1.428e+04 [  -3  6.573e-01  3.055e-14  3.153e-08] [  291 -173   97]
 NS    205-1    1.431e+04 [   0  1.000e+00  4.710e-14  2.079e-08] [  285 -177   97]
 NS    205-2    1.433e+04 [  -3  6.408e-01  3.018e-14  3.175e-08] [  304 -173   97]
 NS    206-1    1.436e+04 [   0  1.000e+00  4.715e-14  2.014e-08] [  336 -177   97]
 NS    206-2    1.439e+04 [  -3  6.563e-01  3.094e-14  3.033e-08] [  349 -173   97]
 NS    207-1    1.442e+04 [   0  1.000e+00  4.808e-14  2.040e-08] [  300 -177   97]
 NS    207-2    1.444e+04 [  -3  6.568e-01  3.158e-14  3.095e-08] [  298 -173   97]
 NS    208-1    1.447e+04 [   0  1.000e+00  4.686e-14  2.102e-08] [  330 -177   97]
 NS    208-2    1.450e+04 [  -3  6.592e-01  3.089e-14  3.126e-08] [  316 -173   97]
 NS    209-1    1.452e+04 [   0  1.000e+00  4.621e-14  2.034e-08] [  297 -177   97]
 NS    209-2    1.455e+04 [  -3  6.609e-01  3.054e-14  3.171e-08] [  342 -173   98]
 NS    210-1    1.457e+04 [   0  1.000e+00  4.616e-14  2.121e-08] [  285 -177   97]
 NS    210-2s   1.460e+04 [  -3  6.660e-01  3.074e-14  3.198e-08] [  299 -173   97]
 NS    211-1    1.463e+04 [   0  1.000e+00  4.745e-14  1.959e-08] [  350 -177   94]
 NS    211-2    1.465e+04 [  -3  6.469e-01  3.069e-14  3.125e-08] [  259 -173   97]
 NS    212-1    1.467e+04 [   0  1.000e+00  4.751e-14  2.032e-08] [  269 -177   97]
 NS    212-2    1.470e+04 [  -3  6.436e-01  3.057e-14  3.139e-08] [  298 -173   97]
 NS    213-1    1.473e+04 [   0  1.000e+00  4.620e-14  2.050e-08] [  349 -177   97]
 NS    213-2    1.475e+04 [  -3  6.461e-01  2.985e-14  3.313e-08] [  283 -172   97]
 NS    214-1    1.478e+04 [   0  1.000e+00  4.630e-14  2.043e-08] [  269 -177   97]
 NS    214-2    1.480e+04 [  -3  6.466e-01  2.994e-14  3.274e-08] [  274 -172   97]
 NS    215-1    1.482e+04 [   0  1.000e+00  4.639e-14  1.947e-08] [  264 -178   97]
 NS    215-2    1.485e+04 [  -3  6.735e-01  3.124e-14  3.126e-08] [  321 -173   97]
 NS    216-1    1.487e+04 [   0  1.000e+00  5.032e-14  1.964e-08] [  250 -177   97]
 NS    216-2    1.489e+04 [  -4  5.964e-01  3.001e-14  2.965e-08] [  272 -173   97]
 NS    217-1    1.492e+04 [   0  1.000e+00  4.995e-14  1.960e-08] [  371 -177   98]
 NS    217-2    1.495e+04 [  -4  6.289e-01  3.141e-14  3.157e-08] [  368 -173   98]
 NS    218-1    1.498e+04 [   0  1.000e+00  5.029e-14  1.808e-08] [  261 -178   96]
 NS    218-2    1.500e+04 [  -4  6.108e-01  3.071e-14  3.099e-08] [  311 -173   97]
 NS    219-1    1.503e+04 [   0  1.000e+00  4.887e-14  1.925e-08] [  286 -178   97]
 NS    219-2    1.505e+04 [  -4  6.291e-01  3.074e-14  3.135e-08] [  297 -173   97]
 NS    220-1    1.508e+04 [   0  1.000e+00  4.920e-14  2.005e-08] [  303 -177   97]
 NS    220-2s   1.510e+04 [  -4  6.063e-01  2.983e-14  3.313e-08] [  244 -172   97]
 NS    221-1    1.512e+04 [   0  1.000e+00  4.721e-14  2.028e-08] [  282 -177   93]
 NS    221-2    1.515e+04 [  -3  6.471e-01  3.055e-14  3.244e-08] [  310 -172   97]
 NS    222-1    1.517e+04 [   0  1.000e+00  4.624e-14  2.133e-08] [  243 -177   96]
 NS    222-2    1.519e+04 [  -3  6.403e-01  2.960e-14  3.304e-08] [  258 -172   97]
 NS    223-1    1.522e+04 [   0  1.000e+00  4.587e-14  2.102e-08] [  322 -177   97]
 NS    223-2    1.525e+04 [  -3  6.881e-01  3.156e-14  3.044e-08] [  348 -173   97]
 NS    224-1    1.528e+04 [   0  1.000e+00  4.776e-14  2.071e-08] [  340 -177   97]
 NS    224-2    1.530e+04 [  -3  6.478e-01  3.094e-14  3.201e-08] [  336 -173   97]
 NS    225-1    1.533e+04 [   0  1.000e+00  4.789e-14  2.038e-08] [  312 -177   97]
 NS    225-2    1.536e+04 [  -4  6.228e-01  2.983e-14  3.293e-08] [  335 -172   97]
 NS    226-1    1.538e+04 [   0  1.000e+00  4.665e-14  2.061e-08] [  291 -177   97]
 NS    226-2    1.541e+04 [  -3  6.486e-01  3.026e-14  3.197e-08] [  337 -173   97]
 NS    227-1    1.544e+04 [   0  1.000e+00  4.751e-14  2.033e-08] [  355 -177   97]
 NS    227-2    1.547e+04 [  -3  6.664e-01  3.166e-14  3.060e-08] [  353 -173   97]
 NS    228-1    1.550e+04 [   0  1.000e+00  4.827e-14  1.980e-08] [  394 -177   98]
 NS    228-2    1.553e+04 [  -3  6.487e-01  3.132e-14  3.060e-08] [  289 -173   97]
 NS    229-1    1.556e+04 [   0  1.000e+00  4.757e-14  2.037e-08] [  334 -177   97]
 NS    229-2    1.558e+04 [  -3  6.555e-01  3.118e-14  3.133e-08] [  262 -173   97]
 NS    230-1    1.560e+04 [   0  1.000e+00  4.744e-14  2.059e-08] [  285 -177   97]
 NS    230-2s   1.563e+04 [  -3  6.574e-01  3.119e-14  3.085e-08] [  352 -173   98]
 NS    231-1    1.566e+04 [   0  1.000e+00  4.593e-14  2.112e-08] [  346 -177   94]
 NS    231-2    1.568e+04 [  -3  6.505e-01  2.988e-14  3.317e-08] [  254 -172   97]
 NS    232-1    1.571e+04 [   0  1.000e+00  4.742e-14  2.086e-08] [  320 -177   97]
 NS    232-2    1.574e+04 [  -3  6.375e-01  3.023e-14  3.242e-08] [  341 -172   97]
 NS    233-1    1.576e+04 [   0  1.000e+00  4.708e-14  2.014e-08] [  325 -177   97]
 NS    233-2    1.579e+04 [  -3  6.358e-01  2.994e-14  3.243e-08] [  275 -172   97]
 NS    234-1    1.581e+04 [   0  1.000e+00  4.787e-14  2.008e-08] [  318 -177   97]
 NS    234-2    1.583e+04 [  -3  6.355e-01  3.042e-14  2.784e-08] [  234 -174   96]
 NS    235-1    1.586e+04 [   0  1.000e+00  4.742e-14  2.047e-08] [  350 -177   97]
 NS    235-2    1.589e+04 [  -3  6.377e-01  3.024e-14  3.267e-08] [  333 -172   97]
 NS    236-1    1.592e+04 [   0  1.000e+00  4.616e-14  2.143e-08] [  298 -177   97]
 NS    236-2    1.594e+04 [  -3  6.441e-01  2.973e-14  3.141e-08] [  294 -173   97]
 NS    237-1    1.597e+04 [   0  1.000e+00  4.727e-14  2.087e-08] [  349 -177   97]
 NS    237-2    1.600e+04 [  -3  6.535e-01  3.089e-14  3.155e-08] [  345 -173   97]
 NS    238-1    1.602e+04 [   0  1.000e+00  4.849e-14  2.024e-08] [  297 -177   97]
 NS    238-2    1.605e+04 [  -4  6.206e-01  3.009e-14  3.291e-08] [  270 -172   97]
 NS    239-1    1.607e+04 [   0  1.000e+00  4.728e-14  2.000e-08] [  334 -177   97]
 NS    239-2    1.610e+04 [  -3  6.506e-01  3.076e-14  3.178e-08] [  299 -173   97]
 NS    240-1    1.613e+04 [   0  1.000e+00  4.880e-14  2.020e-08] [  321 -177   97]
 NS    240-2s   1.615e+04 [  -4  6.008e-01  2.932e-14  3.203e-08] [  227 -173   96]
 NS    241-1    1.618e+04 [   0  1.000e+00  4.683e-14  2.109e-08] [  346 -177   94]
 NS    241-2    1.620e+04 [  -3  6.629e-01  3.105e-14  3.014e-08] [  321 -173   97]
 NS    242-1    1.623e+04 [   0  1.000e+00  4.777e-14  2.069e-08] [  361 -177   97]
 NS    242-2    1.626e+04 [  -3  6.399e-01  3.057e-14  3.213e-08] [  270 -173   97]
 NS    243-1    1.628e+04 [   0  1.000e+00  4.872e-14  1.955e-08] [  337 -178   97]
 NS    243-2    1.631e+04 [  -3  6.324e-01  3.081e-14  3.173e-08] [  336 -173   97]
 NS    244-1    1.634e+04 [   0  1.000e+00  4.837e-14  2.040e-08] [  380 -177   98]
 NS    244-2    1.637e+04 [  -3  6.410e-01  3.100e-14  3.028e-08] [  262 -173   97]
 NS    245-1    1.639e+04 [   0  1.000e+00  4.845e-14  2.026e-08] [  307 -177   97]
 NS    245-2    1.642e+04 [  -3  6.431e-01  3.116e-14  3.143e-08] [  279 -173   97]
 NS    246-1    1.645e+04 [   0  1.000e+00  4.708e-14  2.063e-08] [  358 -177   97]
 NS    246-2    1.647e+04 [  -3  6.524e-01  3.072e-14  3.115e-08] [  264 -173   97]
 NS    247-1    1.650e+04 [   0  1.000e+00  4.836e-14  2.044e-08] [  375 -177   98]
 NS    247-2    1.652e+04 [  -3  6.435e-01  3.112e-14  3.096e-08] [  279 -173   97]
 NS    248-1    1.655e+04 [   0  1.000e+00  4.768e-14  2.071e-08] [  277 -177   97]
 NS    248-2    1.657e+04 [  -3  6.567e-01  3.131e-14  3.114e-08] [  263 -173   97]
 NS    249-1    1.660e+04 [   0  1.000e+00  4.693e-14  2.031e-08] [  324 -177   97]
 NS    249-2    1.662e+04 [  -3  6.681e-01  3.135e-14  3.158e-08] [  249 -173   97]
 NS    250-1    1.664e+04 [   0  1.000e+00  4.874e-14  1.861e-08] [  330 -178   97]
 NS    250-2s   1.667e+04 [  -3  6.460e-01  3.149e-14  3.033e-08] [  300 -173   97]
 NS    251-1    1.669e+04 [   0  1.000e+00  4.947e-14  1.997e-08] [  283 -177   93]
 NS    251-2    1.672e+04 [  -3  6.342e-01  3.138e-14  3.106e-08] [  292 -173   97]
 NS    252-1    1.674e+04 [   0  1.000e+00  5.057e-14  1.855e-08] [  196 -178   96]
 NS    252-2    1.676e+04 [  -4  5.857e-01  2.962e-14  3.296e-08] [  312 -172   97]
 NS    253-1    1.679e+04 [   0  1.000e+00  4.853e-14  2.004e-08] [  311 -177   97]
 NS    253-2    1.682e+04 [  -4  6.140e-01  2.980e-14  3.276e-08] [  360 -172   98]
 NS    254-1    1.685e+04 [   0  1.000e+00  4.824e-14  2.033e-08] [  319 -177   97]
 NS    254-2    1.688e+04 [  -4  6.212e-01  2.997e-14  3.225e-08] [  345 -172   97]
 NS    255-1    1.690e+04 [   0  1.000e+00  4.999e-14  1.979e-08] [  285 -177   97]
 NS    255-2    1.692e+04 [  -4  6.226e-01  3.112e-14  3.137e-08] [  259 -173   97]
 NS    256-1    1.695e+04 [   0  1.000e+00  4.946e-14  1.945e-08] [  325 -178   97]
 NS    256-2    1.698e+04 [  -4  6.118e-01  3.026e-14  3.246e-08] [  325 -172   97]
 NS    257-1    1.700e+04 [   0  1.000e+00  4.676e-14  2.026e-08] [  275 -177   97]
 NS    257-2    1.703e+04 [  -3  6.450e-01  3.016e-14  3.197e-08] [  328 -173   97]
 NS    258-1    1.705e+04 [   0  1.000e+00  4.771e-14  1.980e-08] [  228 -177   96]
 NS    258-2    1.708e+04 [  -4  6.183e-01  2.950e-14  3.313e-08] [  352 -172   98]
 NS    259-1    1.711e+04 [   0  1.000e+00  4.812e-14  2.056e-08] [  385 -177   98]
 NS    259-2    1.713e+04 [  -3  6.406e-01  3.083e-14  3.205e-08] [  287 -173   97]
 NS    260-1    1.716e+04 [   0  1.000e+00  4.735e-14  2.025e-08] [  299 -177   97]
 NS    260-2s   1.718e+04 [  -4  6.304e-01  2.985e-14  3.227e-08] [  329 -172   97]
 NS    261-1    1.721e+04 [   0  1.000e+00  4.795e-14  2.002e-08] [  348 -177   94]
 NS    261-2    1.724e+04 [  -3  6.399e-01  3.068e-14  3.208e-08] [  302 -173   97]
 NS    262-1    1.726e+04 [   0  1.000e+00  4.955e-14  1.915e-08] [  282 -178   97]
 NS    262-2    1.729e+04 [  -3  6.330e-01  3.136e-14  2.987e-08] [  273 -173   97]
 NS    263-1    1.732e+04 [   0  1.000e+00  4.698e-14  2.044e-08] [  342 -177   97]
 NS    263-2    1.734e+04 [  -3  6.450e-01  3.030e-14  3.178e-08] [  264 -173   97]
 NS    264-1    1.737e+04 [   0  1.000e+00  4.680e-14  2.102e-08] [  386 -177   98]
 NS    264-2    1.740e+04 [  -3  6.618e-01  3.097e-14  3.050e-08] [  337 -173   97]
 NS    265-1    1.742e+04 [   0  1.000e+00  4.720e-14  1.968e-08] [  224 -177   96]
 NS    265-2    1.744e+04 [  -4  6.308e-01  2.977e-14  3.324e-08] [  239 -172   96]
 NS    266-1    1.746e+04 [   0  1.000e+00  4.671e-14  1.951e-08] [  249 -178   96]
 NS    266-2    1.749e+04 [  -3  6.310e-01  2.947e-14  3.259e-08] [  350 -172   97]
 NS    267-1    1.752e+04 [   0  1.000e+00  4.596e-14  2.124e-08] [  354 -177   98]
 NS    267-2    1.754e+04 [  -3  6.684e-01  3.072e-14  3.226e-08] [  254 -172   97]
 NS    268-1    1.756e+04 [   0  1.000e+00  4.776e-14  2.077e-08] [  267 -177   97]
 NS    268-2    1.758e+04 [  -4  6.207e-01  2.965e-14  3.301e-08] [  250 -172   97]
 NS    269-1    1.761e+04 [   0  1.000e+00  4.659e-14  2.080e-08] [  317 -177   97]
 NS    269-2    1.763e+04 [  -4  6.297e-01  2.934e-14  3.160e-08] [  266 -173   97]
 NS    270-1    1.766e+04 [   0  1.000e+00  4.521e-14  2.194e-08] [  290 -176   97]
 NS    270-2s   1.768e+04 [  -3  6.481e-01  2.930e-14  3.366e-08] [  299 -172   97]
 NS    271-1    1.771e+04 [   0  1.000e+00  4.604e-14  2.068e-08] [  344 -177   94]
 NS    271-2    1.773e+04 [  -3  6.452e-01  2.971e-14  3.218e-08] [  250 -173   97]
 NS    272-1    1.776e+04 [   0  1.000e+00  4.732e-14  2.075e-08] [  360 -177   98]
 NS    272-2    1.779e+04 [  -3  6.600e-01  3.123e-14  3.172e-08] [  291 -173   97]
 NS    273-1    1.782e+04 [   0  1.000e+00  4.742e-14  2.073e-08] [  363 -177   98]
 NS    273-2    1.784e+04 [  -3  6.535e-01  3.099e-14  3.160e-08] [  280 -173   97]
 NS    274-1    1.787e+04 [   0  1.000e+00  4.808e-14  1.986e-08] [  275 -177   97]
 NS    274-2    1.789e+04 [  -3  6.394e-01  3.074e-14  3.203e-08] [  243 -173   96]
 NS    275-1    1.792e+04 [   0  1.000e+00  4.771e-14  2.052e-08] [  382 -177   98]
 NS    275-2    1.795e+04 [  -3  6.514e-01  3.108e-14  3.185e-08] [  311 -173   97]
 NS    276-1    1.797e+04 [   0  1.000e+00  4.705e-14  1.987e-08] [  341 -177   97]
 NS    276-2    1.800e+04 [  -3  6.491e-01  3.054e-14  3.202e-08] [  293 -173   97]
 NS    277-1    1.803e+04 [   0  1.000e+00  4.769e-14  2.033e-08] [  348 -177   97]
 NS    277-2    1.805e+04 [  -3  6.542e-01  3.120e-14  3.097e-08] [  320 -173   97]
 NS    278-1    1.808e+04 [   0  1.000e+00  4.847e-14  2.024e-08] [  314 -177   97]
 NS    278-2    1.810e+04 [  -4  6.162e-01  2.987e-14  3.161e-08] [  236 -173   96]
 NS    279-1    1.812e+04 [   0  1.000e+00  4.822e-14  2.016e-08] [  269 -177   97]
 NS    279-2    1.814e+04 [  -4  6.237e-01  3.007e-14  3.278e-08] [  240 -172   96]
 NS    280-1    1.817e+04 [   0  1.000e+00  4.695e-14  2.097e-08] [  297 -177   97]
 NS    280-2s   1.820e+04 [  -3  6.737e-01  3.163e-14  3.101e-08] [  321 -173   97]
 NS    281-1    1.822e+04 [   0  1.000e+00  4.804e-14  2.042e-08] [  275 -177   93]
 NS    281-2    1.825e+04 [  -4  6.222e-01  2.989e-14  3.242e-08] [  337 -172   97]
 NS    282-1    1.828e+04 [   0  1.000e+00  4.830e-14  1.990e-08] [  347 -177   97]
 NS    282-2    1.831e+04 [  -3  6.314e-01  3.050e-14  3.248e-08] [  338 -172   97]
 NS    283-1    1.833e+04 [   0  1.000e+00  4.679e-14  2.023e-08] [  348 -177   97]
 NS    283-2    1.836e+04 [  -3  6.355e-01  2.974e-14  3.270e-08] [  321 -172   97]
 NS    284-1    1.839e+04 [   0  1.000e+00  4.785e-14  2.031e-08] [  291 -177   97]
 NS    284-2    1.841e+04 [  -3  6.483e-01  3.102e-14  3.197e-08] [  295 -173   97]
 NS    285-1    1.844e+04 [   0  1.000e+00  4.775e-14  2.052e-08] [  371 -177   97]
 NS    285-2    1.847e+04 [  -3  6.548e-01  3.127e-14  3.119e-08] [  356 -173   97]
 NS    286-1    1.850e+04 [   0  1.000e+00  4.888e-14  1.986e-08] [  377 -177   98]
 NS    286-2    1.853e+04 [  -3  6.397e-01  3.127e-14  3.155e-08] [  353 -173   97]
 NS    287-1    1.856e+04 [   0  1.000e+00  4.914e-14  1.929e-08] [  394 -178   98]
 NS    287-2    1.859e+04 [  -4  6.306e-01  3.099e-14  3.114e-08] [  350 -173   97]
 NS    288-1    1.862e+04 [   0  1.000e+00  4.825e-14  2.019e-08] [  355 -177   97]
 NS    288-2    1.865e+04 [  -3  6.403e-01  3.089e-14  3.172e-08] [  299 -173   97]
 NS    289-1    1.868e+04 [   0  1.000e+00  4.938e-14  2.001e-08] [  349 -177   97]
 NS    289-2    1.870e+04 [  -3  6.372e-01  3.147e-14  3.025e-08] [  267 -173   97]
 NS    290-1    1.873e+04 [   0  1.000e+00  4.679e-14  2.116e-08] [  320 -177   97]
 NS    290-2s   1.876e+04 [  -3  6.559e-01  3.069e-14  3.044e-08] [  361 -173   98]
 NS    291-1    1.878e+04 [   0  1.000e+00  4.749e-14  2.059e-08] [  255 -177   92]
 NS    291-2    1.879e+04 [  -3  6.381e-01  3.030e-14  3.249e-08] [  175 -172   95]
 NS    292-1    1.882e+04 [   0  1.000e+00  4.839e-14  2.017e-08] [  327 -177   97]
 NS    292-2    1.885e+04 [  -4  6.222e-01  3.011e-14  3.231e-08] [  329 -172   97]
 NS    293-1    1.887e+04 [   0  1.000e+00  4.736e-14  2.040e-08] [  275 -177   97]
 NS    293-2    1.890e+04 [  -4  6.222e-01  2.947e-14  3.326e-08] [  351 -172   98]
 NS    294-1    1.893e+04 [   0  1.000e+00  4.788e-14  1.948e-08] [  349 -178   97]
 NS    294-2    1.896e+04 [  -4  6.289e-01  3.011e-14  3.140e-08] [  347 -173   98]
 NS    295-1    1.899e+04 [   0  1.000e+00  4.621e-14  2.125e-08] [  357 -177   97]
 NS    295-2    1.901e+04 [  -3  6.679e-01  3.086e-14  3.144e-08] [  249 -173   97]
 NS    296-1    1.904e+04 [   0  1.000e+00  4.744e-14  1.968e-08] [  347 -177   97]
 NS    296-2    1.906e+04 [  -3  6.458e-01  3.064e-14  3.183e-08] [  288 -173   97]
 NS    297-1    1.908e+04 [   0  1.000e+00  4.721e-14  1.887e-08] [  190 -178   96]
 NS    297-2    1.910e+04 [  -4  6.284e-01  2.967e-14  3.322e-08] [  271 -172   97]
 NS    298-1    1.913e+04 [   0  1.000e+00  4.784e-14  2.023e-08] [  340 -177   97]
 NS    298-2    1.916e+04 [  -3  6.326e-01  3.027e-14  3.248e-08] [  332 -172   97]
 NS    299-1    1.918e+04 [   0  1.000e+00  4.710e-14  2.074e-08] [  285 -177   97]
 NS    299-2    1.921e+04 [  -4  6.284e-01  2.960e-14  3.216e-08] [  327 -173   97]
 NS    300-1    1.924e+04 [   0  1.000e+00  4.659e-14  2.107e-08] [  324 -177   97]
 NS    300-2s   1.926e+04 [  -3  6.458e-01  3.009e-14  3.229e-08] [  269 -172   97]
 NS    301-1    1.929e+04 [   0  1.000e+00  4.710e-14  2.075e-08] [  343 -177   94]
 NS    301-2    1.932e+04 [  -3  6.546e-01  3.083e-14  3.159e-08] [  302 -173   97]
 NS    302-1    1.935e+04 [   0  1.000e+00  4.766e-14  2.075e-08] [  380 -177   98]
 NS    302-2    1.937e+04 [  -3  6.609e-01  3.150e-14  3.014e-08] [  275 -173   97]
 NS    303-1    1.940e+04 [   0  1.000e+00  4.777e-14  2.064e-08] [  352 -177   97]
 NS    303-2    1.943e+04 [  -3  6.562e-01  3.135e-14  3.143e-08] [  348 -173   97]
 NS    304-1    1.945e+04 [   0  1.000e+00  4.861e-14  1.871e-08] [  237 -178   96]
 NS    304-2    1.948e+04 [  -4  6.140e-01  2.985e-14  3.248e-08] [  332 -172   97]
 NS    305-1    1.950e+04 [   0  1.000e+00  4.649e-14  2.052e-08] [  296 -177   97]
 NS    305-2    1.953e+04 [  -3  6.529e-01  3.035e-14  3.249e-08] [  343 -172   97]
 NS    306-1    1.955e+04 [   0  1.000e+00  4.776e-14  1.997e-08] [  291 -177   97]
 NS    306-2    1.958e+04 [  -3  6.368e-01  3.041e-14  3.183e-08] [  287 -173   97]
 NS    307-1    1.960e+04 [   0  1.000e+00  4.714e-14  2.050e-08] [  272 -177   97]
 NS    307-2    1.963e+04 [  -3  6.571e-01  3.098e-14  3.153e-08] [  333 -173   97]
 NS    308-1    1.966e+04 [   0  1.000e+00  4.895e-14  1.946e-08] [  338 -178   97]
 NS    308-2    1.968e+04 [  -4  6.212e-01  3.041e-14  3.237e-08] [  204 -172   96]
 NS    309-1    1.971e+04 [   0  1.000e+00  4.846e-14  2.011e-08] [  377 -177   98]
 NS    309-2    1.973e+04 [  -4  6.218e-01  3.013e-14  3.233e-08] [  290 -172   97]
 NS    310-1    1.975e+04 [   0  1.000e+00  4.808e-14  1.979e-08] [  279 -177   97]
 NS    310-2s   1.978e+04 [  -3  6.339e-01  3.047e-14  3.050e-08] [  270 -173   97]
 NS    311-1    1.981e+04 [   0  1.000e+00  4.909e-14  1.983e-08] [  339 -177   94]
 NS    311-2    1.983e+04 [  -3  6.347e-01  3.116e-14  3.153e-08] [  304 -173   97]
 NS    312-1    1.986e+04 [   0  1.000e+00  4.922e-14  1.992e-08] [  376 -177   98]
 NS    312-2    1.989e+04 [  -3  6.410e-01  3.155e-14  3.071e-08] [  339 -173   97]
 NS    313-1    1.992e+04 [   0  1.000e+00  4.876e-14  1.967e-08] [  334 -177   97]
 NS    313-2    1.995e+04 [  -3  6.467e-01  3.153e-14  3.111e-08] [  290 -173   97]
 NS    314-1    1.997e+04 [   0  1.000e+00  4.929e-14  1.970e-08] [  265 -177   97]
 NS    314-2    2.000e+04 [  -4  5.997e-01  2.956e-14  3.329e-08] [  340 -172   97]
 NS    315-1    2.002e+04 [   0  1.000e+00  4.759e-14  2.028e-08] [  267 -177   97]
 NS    315-2    2.004e+04 [  -3  6.357e-01  3.025e-14  3.233e-08] [  282 -172   97]
 NS    316-1    2.007e+04 [   0  1.000e+00  4.742e-14  2.050e-08] [  303 -177   97]
 NS    316-2    2.009e+04 [  -3  6.501e-01  3.083e-14  3.197e-08] [  276 -173   97]
 NS    317-1    2.012e+04 [   0  1.000e+00  4.723e-14  2.076e-08] [  315 -177   97]
 NS    317-2    2.014e+04 [  -3  6.375e-01  3.011e-14  3.226e-08] [  256 -172   97]
 NS    318-1    2.016e+04 [   0  1.000e+00  4.742e-14  2.089e-08] [  236 -177   96]
 NS    318-2    2.019e+04 [  -3  6.320e-01  2.997e-14  3.290e-08] [  311 -172   97]
 NS    319-1    2.021e+04 [   0  1.000e+00  4.824e-14  2.043e-08] [  314 -177   97]
 NS    319-2    2.023e+04 [  -3  6.453e-01  3.113e-14  3.034e-08] [  246 -173   96]
 NS    320-1    2.026e+04 [   0  1.000e+00  4.618e-14  2.125e-08] [  344 -177   97]
 NS    320-2s   2.029e+04 [  -3  6.496e-01  3.000e-14  3.159e-08] [  356 -173   97]
 NS    321-1    2.032e+04 [   0  1.000e+00  4.679e-14  2.007e-08] [  329 -177   94]
 NS    321-2    2.035e+04 [  -3  6.635e-01  3.105e-14  3.109e-08] [  306 -173   97]
 NS    322-1    2.037e+04 [   0  1.000e+00  4.729e-14  2.038e-08] [  326 -177   97]
 NS    322-2    2.040e+04 [  -3  6.485e-01  3.067e-14  3.177e-08] [  281 -173   97]
 NS    323-1    2.042e+04 [   0  1.000e+00  4.901e-14  2.010e-08] [  324 -177   97]
 NS    323-2    2.045e+04 [  -4  6.041e-01  2.961e-14  3.279e-08] [  326 -172   97]
 NS    324-1    2.048e+04 [   0  1.000e+00  4.601e-14  2.090e-08] [  284 -177   97]
 NS    324-2    2.050e+04 [  -3  6.743e-01  3.102e-14  3.167e-08] [  356 -173   97]
 NS    325-1    2.053e+04 [   0  1.000e+00  4.711e-14  2.103e-08] [  366 -177   97]
 NS    325-2    2.056e+04 [  -3  6.533e-01  3.078e-14  3.034e-08] [  253 -173   96]
 NS    326-1    2.059e+04 [   0  1.000e+00  4.835e-14  2.011e-08] [  386 -177   98]
 NS    326-2    2.062e+04 [  -3  6.474e-01  3.130e-14  3.148e-08] [  353 -173   98]
 NS    327-1    2.064e+04 [   0  1.000e+00  4.850e-14  2.041e-08] [  300 -177   97]
 NS    327-2    2.067e+04 [  -3  6.354e-01  3.082e-14  3.036e-08] [  346 -173   97]
 NS    328-1    2.070e+04 [   0  1.000e+00  4.784e-14  2.067e-08] [  376 -177   98]
 NS    328-2    2.073e+04 [  -3  6.547e-01  3.132e-14  3.030e-08] [  342 -173   97]
 NS    329-1    2.076e+04 [   0  1.000e+00  4.949e-14  1.970e-08] [  387 -177   98]
 NS    329-2    2.079e+04 [  -3  6.434e-01  3.184e-14  3.057e-08] [  271 -173   97]
 NS    330-1    2.081e+04 [   0  1.000e+00  5.071e-14  1.935e-08] [  334 -178   97]
 NS    330-2s   2.084e+04 [  -4  6.048e-01  3.067e-14  3.131e-08] [  350 -173   98]
 NS    331-1    2.087e+04 [   0  1.000e+00  4.962e-14  1.921e-08] [  365 -178   94]
 NS    331-2    2.090e+04 [  -4  6.255e-01  3.104e-14  3.124e-08] [  286 -173   97]
 NS    332-1    2.093e+04 [   0  1.000e+00  4.819e-14  2.018e-08] [  336 -177   97]
 NS    332-2    2.095e+04 [  -3  6.358e-01  3.064e-14  3.152e-08] [  232 -173   96]
 NS    333-1    2.097e+04 [   0  1.000e+00  4.799e-14  2.047e-08] [  338 -177   97]
 NS    333-2    2.100e+04 [  -4  6.283e-01  3.015e-14  3.240e-08] [  263 -172   97]
 NS    334-1    2.103e+04 [   0  1.000e+00  4.806e-14  2.016e-08] [  352 -177   97]
 NS    334-2    2.105e+04 [  -4  6.253e-01  3.005e-14  3.207e-08] [  328 -173   97]
 NS    335-1    2.108e+04 [   0  1.000e+00  4.723e-14  2.084e-08] [  341 -177   97]
 NS    335-2    2.111e+04 [  -3  6.576e-01  3.106e-14  3.155e-08] [  343 -173   97]
 NS    336-1    2.114e+04 [   0  1.000e+00  4.735e-14  2.088e-08] [  365 -177   98]
 NS    336-2    2.116e+04 [  -3  6.489e-01  3.072e-14  3.143e-08] [  273 -173   97]
 NS    337-1    2.119e+04 [   0  1.000e+00  4.908e-14  2.008e-08] [  361 -177   98]
 NS    337-2    2.122e+04 [  -3  6.393e-01  3.137e-14  3.071e-08] [  322 -173   97]
 NS    338-1    2.125e+04 [   0  1.000e+00  4.898e-14  1.936e-08] [  384 -178   98]
 NS    338-2    2.128e+04 [  -3  6.326e-01  3.099e-14  3.066e-08] [  296 -173   97]
 NS    339-1    2.130e+04 [   0  1.000e+00  4.960e-14  1.987e-08] [  278 -177   97]
 NS    339-2    2.132e+04 [  -4  6.267e-01  3.108e-14  3.126e-08] [  278 -173   97]
 NS    340-1    2.135e+04 [   0  1.000e+00  4.685e-14  2.030e-08] [  352 -177   97]
 NS    340-2s   2.138e+04 [  -3  6.619e-01  3.101e-14  3.125e-08] [  295 -173   97]
 NS    341-1    2.141e+04 [   0  1.000e+00  4.794e-14  2.044e-08] [  371 -177   95]
 NS    341-2    2.143e+04 [  -3  6.548e-01  3.139e-14  3.116e-08] [  280 -173   97]
 NS    342-1    2.146e+04 [   0  1.000e+00  4.657e-14  2.097e-08] [  319 -177   97]
 NS    342-2    2.148e+04 [  -3  6.605e-01  3.076e-14  3.118e-08] [  276 -173   97]
 NS    343-1    2.151e+04 [   0  1.000e+00  4.728e-14  2.073e-08] [  361 -177   98]
 NS    343-2    2.153e+04 [  -3  6.572e-01  3.107e-14  3.082e-08] [  247 -173   97]
 NS    344-1    2.156e+04 [   0  1.000e+00  4.724e-14  2.081e-08] [  329 -177   97]
 NS    344-2    2.159e+04 [  -4  6.267e-01  2.961e-14  3.223e-08] [  298 -173   97]
 NS    345-1    2.161e+04 [   0  1.000e+00  4.586e-14  2.156e-08] [  323 -177   97]
 NS    345-2    2.164e+04 [  -3  6.526e-01  2.993e-14  3.298e-08] [  326 -172   97]
 NS    346-1    2.167e+04 [   0  1.000e+00  4.619e-14  2.076e-08] [  331 -177   97]
 NS    346-2    2.169e+04 [  -3  6.444e-01  2.976e-14  3.317e-08] [  261 -172   97]
 NS    347-1    2.172e+04 [   0  1.000e+00  4.643e-14  2.085e-08] [  326 -177   97]
 NS    347-2    2.175e+04 [  -3  6.480e-01  3.009e-14  3.190e-08] [  320 -173   97]
 NS    348-1    2.177e+04 [   0  1.000e+00  4.851e-14  1.982e-08] [  331 -177   97]
 NS    348-2    2.180e+04 [  -4  6.304e-01  3.058e-14  3.213e-08] [  334 -173   97]
 NS    349-1    2.183e+04 [   0  1.000e+00  4.851e-14  2.012e-08] [  316 -177   97]
 NS    349-2    2.186e+04 [  -3  6.513e-01  3.160e-14  3.071e-08] [  358 -173   98]
 NS    350-1    2.189e+04 [   0  1.000e+00  4.712e-14  2.081e-08] [  351 -177   97]
 NS    350-2s   2.191e+04 [  -3  6.562e-01  3.092e-14  3.111e-08] [  261 -173   97]
 NS    351-1    2.194e+04 [   0  1.000e+00  4.709e-14  2.084e-08] [  340 -177   94]
 NS    351-2    2.197e+04 [  -3  6.596e-01  3.106e-14  3.135e-08] [  353 -173   97]
 NS    352-1    2.200e+04 [   0  1.000e+00  4.801e-14  2.048e-08] [  363 -177   97]
 NS    352-2    2.202e+04 [  -3  6.484e-01  3.113e-14  3.025e-08] [  270 -173   97]
 NS    353-1    2.204e+04 [   0  1.000e+00  4.773e-14  2.069e-08] [  287 -177   97]
 NS    353-2    2.207e+04 [  -4  6.259e-01  2.987e-14  3.261e-08] [  291 -172   97]
 NS    354-1    2.210e+04 [   0  1.000e+00  4.703e-14  2.057e-08] [  374 -177   98]
 NS    354-2    2.213e+04 [  -3  6.613e-01  3.110e-14  3.102e-08] [  312 -173   97]
 NS    355-1    2.215e+04 [   0  1.000e+00  4.757e-14  2.070e-08] [  340 -177   97]
 NS    355-2    2.218e+04 [  -3  6.624e-01  3.151e-14  3.052e-08] [  282 -173   97]
 NS    356-1    2.221e+04 [   0  1.000e+00  4.794e-14  2.038e-08] [  360 -177   98]
 NS    356-2    2.223e+04 [  -3  6.491e-01  3.112e-14  3.166e-08] [  308 -173   97]
 NS    357-1    2.226e+04 [   0  1.000e+00  4.705e-14  2.069e-08] [  268 -177   97]
 NS    357-2    2.229e+04 [  -3  6.642e-01  3.125e-14  3.121e-08] [  365 -173   98]
 NS    358-1    2.231e+04 [   0  1.000e+00  4.696e-14  2.059e-08] [  333 -177   97]
 NS    358-2    2.234e+04 [  -3  6.674e-01  3.134e-14  3.060e-08] [  351 -173   98]
 NS    359-1    2.237e+04 [   0  1.000e+00  4.784e-14  2.060e-08] [  320 -177   97]
 NS    359-2    2.240e+04 [  -3  6.417e-01  3.070e-14  3.095e-08] [  300 -173   97]
 NS    360-1    2.242e+04 [   0  1.000e+00  4.704e-14  2.025e-08] [  241 -177   96]
 NS    360-2s   2.244e+04 [  -3  6.341e-01  2.983e-14  3.263e-08] [  255 -172   97]
 NS    361-1    2.246e+04 [   0  1.000e+00  4.740e-14  1.894e-08] [  243 -178   92]
 NS    361-2    2.249e+04 [  -4  6.302e-01  2.987e-14  3.254e-08] [  354 -172   97]
 NS    362-1    2.252e+04 [   0  1.000e+00  4.731e-14  2.034e-08] [  333 -177   97]
 NS    362-2    2.254e+04 [  -3  6.574e-01  3.110e-14  3.143e-08] [  282 -173   97]
 NS    363-1    2.257e+04 [   0  1.000e+00  4.970e-14  1.986e-08] [  293 -177   97]
 NS    363-2    2.259e+04 [  -4  6.104e-01  3.034e-14  3.257e-08] [  302 -172   97]
 NS    364-1    2.262e+04 [   0  1.000e+00  5.023e-14  1.928e-08] [  325 -178   97]
 NS    364-2    2.265e+04 [  -4  5.949e-01  2.988e-14  3.311e-08] [  336 -172   97]
 NS    365-1    2.268e+04 [   0  1.000e+00  4.727e-14  2.060e-08] [  354 -177   97]
 NS    365-2    2.270e+04 [  -3  6.675e-01  3.155e-14  3.090e-08] [  293 -173   97]
 NS    366-1    2.272e+04 [   0  1.000e+00  4.803e-14  1.899e-08] [  279 -178   97]
 NS    366-2    2.275e+04 [  -3  6.484e-01  3.114e-14  3.165e-08] [  318 -173   97]
 NS    367-1    2.278e+04 [   0  1.000e+00  4.824e-14  2.029e-08] [  348 -177   97]
 NS    367-2    2.281e+04 [  -3  6.460e-01  3.116e-14  3.121e-08] [  373 -173   98]
 NS    368-1    2.284e+04 [   0  1.000e+00  4.865e-14  2.021e-08] [  339 -177   97]
 NS    368-2    2.287e+04 [  -3  6.310e-01  3.069e-14  3.214e-08] [  349 -173   97]
 NS    369-1    2.290e+04 [   0  1.000e+00  4.716e-14  2.019e-08] [  352 -177   98]
 NS    369-2    2.292e+04 [  -3  6.666e-01  3.144e-14  3.128e-08] [  334 -173   97]
 NS    370-1    2.295e+04 [   0  1.000e+00  4.707e-14  2.079e-08] [  294 -177   97]
 NS    370-2s   2.298e+04 [  -3  6.444e-01  3.033e-14  3.210e-08] [  319 -173   97]
 NS    371-1    2.301e+04 [   0  1.000e+00  4.868e-14  2.025e-08] [  356 -177   94]
 NS    371-2    2.303e+04 [  -3  6.415e-01  3.123e-14  3.099e-08] [  298 -173   97]
 NS    372-1    2.306e+04 [   0  1.000e+00  4.807e-14  2.027e-08] [  324 -177   97]
 NS    372-2    2.309e+04 [  -3  6.449e-01  3.099e-14  3.198e-08] [  299 -173   97]
 NS    373-1    2.311e+04 [   0  1.000e+00  4.737e-14  2.085e-08] [  297 -177   97]
 NS    373-2    2.313e+04 [  -3  6.421e-01  3.041e-14  3.189e-08] [  230 -173   96]
 NS    374-1    2.316e+04 [   0  1.000e+00  4.694e-14  1.992e-08] [  351 -177   97]
 NS    374-2    2.319e+04 [  -3  6.400e-01  3.004e-14  3.196e-08] [  300 -173   97]
 NS    375-1    2.321e+04 [   0  1.000e+00  4.783e-14  2.053e-08] [  343 -177   97]
 NS    375-2    2.324e+04 [  -3  6.478e-01  3.098e-14  3.166e-08] [  321 -173   97]
 NS    376-1    2.326e+04 [   0  1.000e+00  4.793e-14  1.988e-08] [  269 -177   97]
 NS    376-2    2.329e+04 [  -3  6.489e-01  3.110e-14  3.170e-08] [  317 -173   97]
 NS    377-1    2.332e+04 [   0  1.000e+00  4.712e-14  2.024e-08] [  336 -177   97]
 NS    377-2    2.334e+04 [  -3  6.529e-01  3.076e-14  3.178e-08] [  282 -173   97]
 NS    378-1    2.337e+04 [   0  1.000e+00  4.687e-14  2.033e-08] [  339 -177   97]
 NS    378-2    2.340e+04 [  -3  6.632e-01  3.108e-14  3.136e-08] [  336 -173   97]
 NS    379-1    2.343e+04 [   0  1.000e+00  4.799e-14  2.014e-08] [  353 -177   97]
 NS    379-2    2.345e+04 [  -3  6.433e-01  3.087e-14  3.205e-08] [  314 -173   97]
 NS    380-1    2.348e+04 [   0  1.000e+00  4.756e-14  2.077e-08] [  283 -177   97]
 NS    380-2s   2.351e+04 [  -3  6.559e-01  3.119e-14  3.016e-08] [  346 -173   98]
 NS    381-1    2.354e+04 [   0  1.000e+00  4.779e-14  2.020e-08] [  337 -177   94]
 NS    381-2    2.356e+04 [  -3  6.522e-01  3.117e-14  3.085e-08] [  331 -173   97]
 NS    382-1    2.359e+04 [   0  1.000e+00  4.711e-14  2.048e-08] [  347 -177   97]
 NS    382-2    2.362e+04 [  -3  6.537e-01  3.080e-14  3.163e-08] [  298 -173   97]
 NS    383-1    2.364e+04 [   0  1.000e+00  4.761e-14  2.076e-08] [  269 -177   97]
 NS    383-2    2.367e+04 [  -4  6.273e-01  2.986e-14  3.258e-08] [  312 -172   97]
 NS    384-1    2.370e+04 [   0  1.000e+00  4.852e-14  1.949e-08] [  355 -178   98]
 NS    384-2    2.372e+04 [  -4  6.187e-01  3.002e-14  3.258e-08] [  323 -172   97]
 NS    385-1    2.374e+04 [   0  1.000e+00  4.681e-14  2.078e-08] [  231 -177   96]
 NS    385-2    2.377e+04 [  -3  6.390e-01  2.991e-14  3.290e-08] [  302 -172   97]
 NS    386-1    2.379e+04 [   0  1.000e+00  4.590e-14  2.130e-08] [  300 -177   97]
 NS    386-2    2.382e+04 [  -3  6.561e-01  3.012e-14  3.239e-08] [  277 -172   97]
 NS    387-1    2.384e+04 [   0  1.000e+00  4.714e-14  2.094e-08] [  315 -177   97]
 NS    387-2    2.387e+04 [  -3  6.422e-01  3.028e-14  3.168e-08] [  328 -173   97]
 NS    388-1    2.389e+04 [   0  1.000e+00  4.740e-14  1.958e-08] [  277 -177   97]
 NS    388-2    2.392e+04 [  -3  6.488e-01  3.075e-14  3.206e-08] [  312 -173   97]
 NS    389-1    2.394e+04 [   0  1.000e+00  4.730e-14  2.058e-08] [  284 -177   97]
 NS    389-2    2.397e+04 [  -3  6.380e-01  3.018e-14  3.248e-08] [  339 -172   97]
 NS    390-1    2.400e+04 [   0  1.000e+00  4.820e-14  2.020e-08] [  355 -177   97]
 NS    390-2s   2.403e+04 [  -4  6.205e-01  2.991e-14  3.215e-08] [  331 -173   97]
 NS    391-1    2.406e+04 [   0  1.000e+00  4.914e-14  1.975e-08] [  349 -177   94]
 NS    391-2    2.409e+04 [  -3  6.367e-01  3.129e-14  3.138e-08] [  363 -173   98]
 NS    392-1    2.412e+04 [   0  1.000e+00  4.781e-14  2.054e-08] [  376 -177   98]
 NS    392-2    2.415e+04 [  -3  6.469e-01  3.093e-14  3.190e-08] [  298 -173   97]
 NS    393-1    2.418e+04 [   0  1.000e+00  4.847e-14  2.028e-08] [  365 -177   98]
 NS    393-2    2.420e+04 [  -3  6.436e-01  3.119e-14  3.122e-08] [  308 -173   97]
 NS    394-1    2.424e+04 [   0  1.000e+00  4.972e-14  1.908e-08] [  398 -178   98]
 NS    394-2    2.427e+04 [  -4  6.288e-01  3.127e-14  3.131e-08] [  354 -173   98]
 NS    395-1    2.430e+04 [   0  1.000e+00  4.915e-14  2.004e-08] [  385 -177   98]
 NS    395-2    2.433e+04 [  -3  6.349e-01  3.121e-14  3.139e-08] [  341 -173   97]
 NS    396-1    2.436e+04 [   0  1.000e+00  4.943e-14  1.966e-08] [  384 -177   98]
 NS    396-2    2.438e+04 [  -4  6.301e-01  3.115e-14  3.073e-08] [  293 -173   97]
 NS    397-1    2.442e+04 [   0  1.000e+00  4.882e-14  2.029e-08] [  398 -177   98]
 NS    397-2    2.444e+04 [  -3  6.351e-01  3.101e-14  3.192e-08] [  349 -173   98]
 NS    398-1    2.448e+04 [   0  1.000e+00  4.938e-14  1.996e-08] [  376 -177   98]
 NS    398-2    2.450e+04 [  -4  6.254e-01  3.089e-14  3.203e-08] [  318 -173   97]
 NS    399-1    2.453e+04 [   0  1.000e+00  4.909e-14  2.009e-08] [  364 -177   97]
 NS    399-2    2.456e+04 [  -3  6.341e-01  3.113e-14  3.156e-08] [  290 -173   97]
 NS    400-1    2.459e+04 [   0  1.000e+00  4.821e-14  2.051e-08] [  336 -177   97]
 NS    400-2s   2.461e+04 [  -3  6.341e-01  3.057e-14  3.229e-08] [  309 -172   97]
