-----------------------------------------------------------------------------------
 Eq      N-i            T    dB      Ri/R1      Ri/R0       R/Ri    lsIt   dB   %t
-----------------------------------------------------------------------------------
 NS      1-1    1.638e+01 [   0  1.000e+00  1.000e+00  2.727e-11] [   34 -243   91]
 NS      1-2    3.309e+01 [  -6  4.542e-01  4.542e-01  8.209e-12] [   33 -255   95]
 NS      1-3    4.875e+01 [ -35  1.776e-02  1.776e-02  1.680e-11] [   32 -248   96]
 NS      1-4    6.445e+01 [ -70  3.056e-04  3.056e-04  7.791e-11] [   32 -233   95]
 NS      1-5    8.045e+01 [-103  6.770e-06  6.770e-06  2.451e-11] [   32 -244   94]
 NS      1-6    9.631e+01 [-137  1.383e-07  1.383e-07  5.965e-11] [   32 -235   95]
 NS      1-7    1.122e+02 [-169  3.223e-09  3.223e-09  2.771e-11] [   32 -243   95]
 NS      1-8s   1.288e+02 [-202  7.742e-11  7.742e-11  4.208e-11] [   32 -239   93]
 NS      2-1    1.466e+02 [   0  1.000e+00  5.364e+01  7.714e-12] [   33 -256   88]
 NS      2-2    1.624e+02 [ -37  1.351e-02  7.245e-01  5.855e-11] [   32 -236   95]
 NS      2-3    1.786e+02 [ -69  3.353e-04  1.798e-02  6.113e-12] [   33 -258   94]
 NS      2-4    1.946e+02 [-100  9.268e-06  4.971e-04  8.513e-11] [   32 -232   95]
 NS      2-5    2.107e+02 [-136  1.577e-07  8.457e-06  7.460e-11] [   32 -233   96]
 NS      2-6    2.264e+02 [-167  3.995e-09  2.143e-07  6.914e-11] [   32 -234   96]
 NS      2-7s   2.422e+02 [-200  9.593e-11  5.145e-09  4.798e-11] [   32 -238   94]
