-----------------------------------------------------------------------------------
 Eq      N-i            T    dB      Ri/R1      Ri/R0       R/Ri    lsIt   dB   %t
-----------------------------------------------------------------------------------
 NS     11-1    4.166e+02 [   0  1.000e+00  5.494e-02  9.992e-11] [  665 -230    5]
 NS     11-2    4.260e+02 [-129  3.390e-07  1.863e-08  9.716e-11] [  510 -231   76]
 NS     11-3    4.346e+02 [-239  1.103e-12  6.057e-14  1.591e-08] [  447 -180   74]
 NS     12-1    4.471e+02 [   0  1.000e+00  3.209e-02  9.977e-11] [  734 -230   82]
 NS     12-2    4.567e+02 [-129  3.301e-07  1.059e-08  9.571e-11] [  521 -231   76]
 NS     12-3    4.638e+02 [-237  1.402e-12  4.499e-14  2.148e-08] [  347 -177   68]
 NS     13-1    4.755e+02 [   0  1.000e+00  1.849e-02  9.833e-11] [  670 -230   80]
 NS     13-2    4.856e+02 [-129  3.269e-07  6.044e-09  9.760e-11] [  559 -231   78]
 NS     13-3    4.936e+02 [-233  2.069e-12  3.826e-14  2.524e-08] [  405 -175   72]
 NS     14-1    5.058e+02 [   0  1.000e+00  1.053e-02  9.948e-11] [  713 -230   81]
 NS     14-2    5.156e+02 [-129  3.224e-07  3.395e-09  9.869e-11] [  536 -230   77]
 NS     14-3    5.223e+02 [-229  3.459e-12  3.642e-14  2.602e-08] [  318 -175   67]
 NS     15-1    5.349e+02 [   0  1.000e+00  5.936e-03  9.767e-11] [  734 -230   82]
 NS     15-2    5.451e+02 [-129  3.205e-07  1.902e-09  9.852e-11] [  575 -230   78]
 NS     15-3    5.524e+02 [-224  5.945e-12  3.529e-14  2.647e-08] [  350 -174   69]
 NS     16-1    5.699e+02 [   0  1.000e+00  3.316e-03  9.859e-11] [  674 -230   87]
 NS     16-2    5.786e+02 [-129  3.186e-07  1.057e-09  9.844e-11] [  460 -230   74]
 NS     16-3    5.858e+02 [-219  1.062e-11  3.522e-14  2.735e-08] [  351 -174   69]
 NS     17-1    5.966e+02 [   0  1.000e+00  1.838e-03  9.881e-11] [  611 -230   79]
 NS     17-2    6.068e+02 [-129  3.180e-07  5.844e-10  9.063e-11] [  565 -231   78]
 NS     17-3    6.139e+02 [-214  1.931e-11  3.548e-14  2.768e-08] [  350 -174   69]
 NS     18-1    6.258e+02 [   0  1.000e+00  1.011e-03  9.710e-11] [  678 -231   81]
 NS     18-2    6.355e+02 [-129  3.177e-07  3.213e-10  9.884e-11] [  535 -230   77]
 NS     18-3    6.420e+02 [-209  3.486e-11  3.525e-14  2.746e-08] [  301 -174   66]
 NS     19-1    6.536e+02 [   0  1.000e+00  5.529e-04  9.193e-11] [  663 -231   80]
 NS     19-2    6.632e+02 [-129  3.181e-07  1.759e-10  9.899e-11] [  529 -230   77]
 NS     19-3    6.688e+02 [-203  6.369e-11  3.522e-14  2.709e-08] [  239 -174   60]
 NS     20-1    6.807e+02 [   0  1.000e+00  3.005e-04  9.935e-11] [  688 -230   81]
 NS     20-2s   6.907e+02 [-129  3.189e-07  9.584e-11  9.722e-11] [  552 -231   78]
