-----------------------------------------------------------------------------------
 Eq      N-i            T    dB      Ri/R1      Ri/R0       R/Ri    lsIt   dB   %t
-----------------------------------------------------------------------------------
 NS      1-1    5.142e+01 [   0  1.000e+00  1.000e+00  2.727e-11] [   34 -243   93]
 NS      1-2    1.012e+02 [  -6  4.542e-01  4.542e-01  8.209e-12] [   33 -255   95]
 NS      1-3    1.414e+02 [ -35  1.776e-02  1.776e-02  1.680e-11] [   32 -248   94]
 NS      1-4    1.572e+02 [ -70  3.056e-04  3.056e-04  7.791e-11] [   32 -233   94]
 NS      1-5    1.726e+02 [-103  6.770e-06  6.770e-06  2.451e-11] [   32 -244   93]
 NS      1-6    2.046e+02 [-137  1.383e-07  1.383e-07  5.965e-11] [   32 -235   97]
 NS      1-7    2.505e+02 [-169  3.223e-09  3.223e-09  2.781e-11] [   32 -243   94]
 NS      1-8s   2.670e+02 [-202  7.741e-11  7.741e-11  4.494e-11] [   32 -238   92]
 NS      2-1    2.847e+02 [   0  1.000e+00  5.364e+01  7.714e-12] [   33 -256   88]
 NS      2-2    3.001e+02 [ -37  1.351e-02  7.245e-01  5.855e-11] [   32 -236   93]
 NS      2-3    3.164e+02 [ -69  3.353e-04  1.798e-02  6.113e-12] [   33 -258   94]
 NS      2-4    3.321e+02 [-100  9.268e-06  4.971e-04  8.513e-11] [   32 -232   95]
 NS      2-5    3.477e+02 [-136  1.577e-07  8.457e-06  7.460e-11] [   32 -233   96]
 NS      2-6    3.638e+02 [-167  3.995e-09  2.143e-07  6.914e-11] [   32 -234   96]
 NS      2-7s   3.794e+02 [-200  9.593e-11  5.145e-09  4.790e-11] [   32 -238   95]
