-----------------------------------------------------------------------------------
 Eq      N-i            T    dB      Ri/R1      Ri/R0       R/Ri    lsIt   dB   %t
-----------------------------------------------------------------------------------
 NS     61-1    2.296e+03 [   0  1.000e+00  4.754e-14  2.015e-08] [  329 -177    1]
 NS     61-2    2.303e+03 [  -3  6.505e-01  3.092e-14  3.115e-08] [  340 -173   67]
 NS     62-1    2.311e+03 [   0  1.000e+00  4.657e-14  2.085e-08] [  345 -177   68]
 NS     62-2    2.317e+03 [  -3  6.696e-01  3.118e-14  3.099e-08] [  284 -173   61]
 NS     63-1    2.324e+03 [   0  1.000e+00  4.758e-14  2.024e-08] [  274 -177   58]
 NS     63-2    2.331e+03 [  -3  6.536e-01  3.110e-14  3.143e-08] [  339 -173   66]
 NS     64-1    2.345e+03 [   0  1.000e+00  4.802e-14  1.939e-08] [  316 -178   81]
 NS     64-2    2.352e+03 [  -3  6.497e-01  3.120e-14  3.128e-08] [  363 -173   69]
 NS     65-1    2.359e+03 [   0  1.000e+00  4.899e-14  1.995e-08] [  360 -177   68]
 NS     65-2    2.367e+03 [  -4  6.288e-01  3.081e-14  3.203e-08] [  348 -173   68]
 NS     66-1    2.374e+03 [   0  1.000e+00  4.912e-14  2.016e-08] [  379 -177   69]
 NS     66-2    2.381e+03 [  -4  6.281e-01  3.085e-14  3.080e-08] [  324 -173   67]
 NS     67-1    2.396e+03 [   0  1.000e+00  5.096e-14  1.910e-08] [  384 -178   82]
 NS     67-2    2.402e+03 [  -4  6.243e-01  3.182e-14  3.114e-08] [  293 -173   65]
 NS     68-1    2.409e+03 [   0  1.000e+00  4.949e-14  1.955e-08] [  334 -178   65]
 NS     68-2    2.416e+03 [  -3  6.375e-01  3.155e-14  3.081e-08] [  282 -173   62]
 NS     69-1    2.422e+03 [   0  1.000e+00  4.825e-14  2.020e-08] [  263 -177   61]
 NS     69-2    2.428e+03 [  -4  6.251e-01  3.016e-14  3.132e-08] [  284 -173   64]
 NS     70-1    2.441e+03 [   0  1.000e+00  4.659e-14  2.100e-08] [  263 -177   81]
 NS     70-2s   2.449e+03 [  -3  6.312e-01  2.940e-14  3.108e-08] [  350 -173   66]
