-----------------------------------------------------------------------------------
 Eq      N-i            T    dB      Ri/R1      Ri/R0       R/Ri    lsIt   dB   %t
-----------------------------------------------------------------------------------
 NS      1-1    6.115e+01 [   0  1.000e+00  1.000e+00  9.889e-11] [  716 -230   99]
 NS      1-2    1.163e+02 [-104  5.755e-06  5.755e-06  9.849e-11] [  664 -230   99]
 NS      1-3    1.700e+02 [-215  1.627e-11  1.627e-11  9.999e-11] [  615 -230   99]
 NS      2-1    2.276e+02 [   0  1.000e+00  1.132e+00  9.872e-11] [  606 -230   99]
 NS      2-2    2.941e+02 [-111  2.685e-06  3.039e-06  9.849e-11] [  646 -230   99]
 NS      2-3    3.518e+02 [-220  9.081e-12  1.028e-11  9.959e-11] [  554 -230   99]
 NS      3-1    4.171e+02 [   0  1.000e+00  1.261e+00  9.665e-11] [  620 -231   99]
 NS      3-2    4.852e+02 [-118  1.216e-06  1.534e-06  9.943e-11] [  640 -230   99]
 NS      3-3    5.414e+02 [-229  3.485e-12  4.395e-12  2.195e-10] [  541 -222   99]
 NS      4-1    6.032e+02 [   0  1.000e+00  1.093e+00  9.808e-11] [  613 -230   99]
 NS      4-2    6.587e+02 [-122  7.663e-07  8.376e-07  9.846e-11] [  563 -230   99]
 NS      4-3    7.048e+02 [-233  2.208e-12  2.414e-12  4.048e-10] [  470 -216   98]
 NS      5-1    7.641e+02 [   0  1.000e+00  8.300e-01  9.633e-11] [  606 -231   99]
 NS      5-2    8.208e+02 [-125  5.607e-07  4.654e-07  9.833e-11] [  570 -230   99]
 NS      5-3    8.680e+02 [-236  1.551e-12  1.287e-12  7.680e-10] [  479 -210   99]
 NS      6-1    9.285e+02 [   0  1.000e+00  5.818e-01  9.915e-11] [  615 -230   99]
 NS      6-2    9.779e+02 [-126  4.519e-07  2.629e-07  9.213e-11] [  500 -231   99]
 NS      6-3    1.024e+03 [-238  1.241e-12  7.222e-13  1.369e-09] [  459 -204   98]
 NS      7-1    1.087e+03 [   0  1.000e+00  3.864e-01  9.801e-11] [  639 -230   99]
 NS      7-2    1.150e+03 [-127  4.125e-07  1.594e-07  9.961e-11] [  635 -230   99]
 NS      7-3    1.197e+03 [-239  1.089e-12  4.209e-13  2.245e-09] [  476 -199   99]
 NS      8-1    1.258e+03 [   0  1.000e+00  2.467e-01  9.935e-11] [  620 -230   99]
 NS      8-2    1.311e+03 [-128  3.690e-07  9.105e-08  9.678e-11] [  543 -231   99]
 NS      8-3    1.353e+03 [-239  1.020e-12  2.516e-13  3.864e-09] [  417 -194   98]
 NS      9-1    1.413e+03 [   0  1.000e+00  1.529e-01  9.925e-11] [  617 -230   99]
 NS      9-2    1.463e+03 [-128  3.603e-07  5.509e-08  9.905e-11] [  509 -230   99]
 NS      9-3    1.508e+03 [-240  9.964e-13  1.524e-13  6.384e-09] [  459 -189   98]
 NS     10-1    1.570e+03 [   0  1.000e+00  9.254e-02  9.914e-11] [  638 -230   99]
 NS     10-2    1.615e+03 [-129  3.433e-07  3.177e-08  9.613e-11] [  450 -231   98]
 NS     10-3s   1.657e+03 [-239  1.005e-12  9.300e-14  1.066e-08] [  420 -184   98]
