-----------------------------------------------------------------------------------
 Eq      N-i            T    dB      Ri/R1      Ri/R0       R/Ri    lsIt   dB   %t
-----------------------------------------------------------------------------------
 NS      1-1    2.499e+01 [   0  1.000e+00  1.000e+00  9.977e-11] [  629 -230   88]
 NS      1-2    3.638e+01 [-113  2.216e-06  2.216e-06  9.640e-11] [  652 -231   80]
 NS      1-3    4.597e+01 [-209  3.228e-11  3.228e-11  9.826e-11] [  522 -230   76]
 NS      2-1    5.644e+01 [   0  1.000e+00  5.108e-01  9.902e-11] [  583 -230   78]
 NS      2-2    6.685e+01 [-111  2.559e-06  1.307e-06  9.986e-11] [  582 -230   78]
 NS      2-3    7.758e+01 [-205  5.600e-11  2.860e-11  9.988e-11] [  604 -230   79]
 NS      3-1    8.876e+01 [   0  1.000e+00  2.745e-01  9.852e-11] [  635 -230   79]
 NS      3-2    9.851e+01 [-112  2.268e-06  6.226e-07  9.847e-11] [  533 -230   77]
 NS      3-3    1.090e+02 [-207  4.053e-11  1.113e-11  9.828e-11] [  585 -230   78]
 NS      4-1    1.206e+02 [   0  1.000e+00  1.573e-01  9.513e-11] [  669 -231   80]
 NS      4-2    1.297e+02 [-113  2.055e-06  3.232e-07  9.585e-11] [  487 -231   75]
 NS      4-3    1.386e+02 [-209  3.329e-11  5.237e-12  9.758e-11] [  469 -231   74]
 NS      5-1    1.501e+02 [   0  1.000e+00  9.479e-02  9.595e-11] [  661 -231   80]
 NS      5-2    1.614e+02 [-114  1.841e-06  1.745e-07  9.708e-11] [  643 -231   80]
 NS      5-3    1.727e+02 [-211  2.663e-11  2.524e-12  9.631e-11] [  647 -231   80]
 NS      6-1    1.907e+02 [   0  1.000e+00  5.846e-02  9.879e-11] [  703 -230   87]
 NS      6-2    2.015e+02 [-115  1.653e-06  9.663e-08  9.939e-11] [  612 -230   79]
 NS      6-3    2.115e+02 [-211  2.626e-11  1.535e-12  9.345e-11] [  550 -231   77]
 NS      7-1    2.231e+02 [   0  1.000e+00  3.613e-02  9.031e-11] [  657 -231   79]
 NS      7-2    2.321e+02 [-116  1.560e-06  5.638e-08  9.869e-11] [  481 -230   75]
 NS      7-3    2.429e+02 [-212  2.357e-11  8.517e-13  9.769e-11] [  609 -230   79]
 NS      8-1    2.545e+02 [   0  1.000e+00  2.213e-02  9.891e-11] [  659 -230   80]
 NS      8-2    2.650e+02 [-116  1.431e-06  3.166e-08  9.868e-11] [  590 -230   78]
 NS      8-3    2.735e+02 [-212  2.299e-11  5.087e-13  9.358e-11] [  446 -231   73]
 NS      9-1    2.851e+02 [   0  1.000e+00  1.337e-02  9.481e-11] [  661 -231   80]
 NS      9-2    2.952e+02 [-117  1.403e-06  1.876e-08  9.767e-11] [  556 -230   77]
 NS      9-3    3.055e+02 [-213  2.152e-11  2.877e-13  9.928e-11] [  571 -230   78]
 NS     10-1    3.180e+02 [   0  1.000e+00  7.960e-03  9.841e-11] [  728 -230   81]
 NS     10-2    3.278e+02 [-117  1.338e-06  1.065e-08  9.929e-11] [  536 -230   77]
 NS     10-3s   3.383e+02 [-213  2.096e-11  1.669e-13  9.757e-11] [  586 -231   78]
 NS     11-1    3.576e+02 [   0  1.000e+00  4.675e-03  9.515e-11] [  752 -231   84]
 NS     11-2    3.674e+02 [-117  1.325e-06  6.195e-09  9.754e-11] [  536 -231   77]
 NS     11-3    3.769e+02 [-213  2.005e-11  9.374e-14  1.489e-10] [  508 -226   76]
 NS     12-1    3.885e+02 [   0  1.000e+00  2.711e-03  9.254e-11] [  668 -231   80]
 NS     12-2    3.994e+02 [-117  1.284e-06  3.482e-09  9.928e-11] [  613 -230   79]
 NS     12-3    4.093e+02 [-214  1.956e-11  5.301e-14  2.649e-10] [  548 -221   77]
 NS     13-1    4.210e+02 [   0  1.000e+00  1.554e-03  9.796e-11] [  671 -230   80]
 NS     13-2    4.302e+02 [-117  1.269e-06  1.972e-09  9.869e-11] [  489 -230   75]
 NS     13-3    4.383e+02 [-214  1.926e-11  2.992e-14  4.796e-10] [  416 -215   72]
 NS     14-1    4.509e+02 [   0  1.000e+00  8.815e-04  9.784e-11] [  738 -230   82]
 NS     14-2    4.610e+02 [-118  1.244e-06  1.097e-09  9.669e-11] [  553 -231   77]
 NS     14-3    4.708e+02 [-213  2.004e-11  1.766e-14  8.146e-10] [  539 -209   77]
 NS     15-1    4.825e+02 [   0  1.000e+00  4.955e-04  9.907e-11] [  668 -230   80]
 NS     15-2    4.915e+02 [-118  1.231e-06  6.102e-10  9.931e-11] [  479 -230   75]
 NS     15-3    4.999e+02 [-212  2.328e-11  1.154e-14  1.247e-09] [  434 -205   72]
 NS     16-1    5.182e+02 [   0  1.000e+00  2.762e-04  9.898e-11] [  733 -230   87]
 NS     16-2    5.278e+02 [-118  1.217e-06  3.363e-10  9.566e-11] [  522 -231   76]
 NS     16-3    5.365e+02 [-209  3.233e-11  8.930e-15  1.555e-09] [  453 -203   74]
 NS     17-1    5.485e+02 [   0  1.000e+00  1.528e-04  9.962e-11] [  689 -230   80]
 NS     17-2    5.566e+02 [-118  1.209e-06  1.848e-10  9.614e-11] [  419 -231   72]
 NS     17-3    5.651e+02 [-205  5.229e-11  7.992e-15  1.793e-09] [  441 -201   73]
 NS     18-1    5.775e+02 [   0  1.000e+00  8.398e-05  9.851e-11] [  722 -230   81]
 NS     18-2    5.871e+02 [-118  1.202e-06  1.010e-10  9.971e-11] [  525 -230   76]
 NS     18-3    5.956e+02 [-200  9.191e-11  7.718e-15  1.787e-09] [  446 -201   73]
 NS     19-1    6.067e+02 [   0  1.000e+00  4.586e-05  9.824e-11] [  626 -230   79]
 NS     19-2    6.156e+02 [-118  1.198e-06  5.496e-11  9.876e-11] [  471 -230   74]
 NS     20-1    6.275e+02 [   0  1.000e+00  2.491e-05  9.995e-11] [  678 -230   80]
 NS     20-2s   6.372e+02 [-118  1.196e-06  2.978e-11  9.824e-11] [  531 -230   76]
 NS     21-1    6.555e+02 [   0  1.000e+00  1.345e-05  9.901e-11] [  663 -230   83]
 NS     21-2    6.641e+02 [-118  1.195e-06  1.607e-11  9.806e-11] [  448 -230   73]
 NS     22-1    6.758e+02 [   0  1.000e+00  7.233e-06  9.889e-11] [  669 -230   80]
 NS     22-2    6.844e+02 [-118  1.195e-06  8.641e-12  9.850e-11] [  453 -230   73]
 NS     23-1    6.962e+02 [   0  1.000e+00  3.871e-06  9.324e-11] [  674 -231   80]
 NS     23-2    7.058e+02 [-118  1.196e-06  4.630e-12  9.915e-11] [  526 -230   76]
 NS     24-1    7.186e+02 [   0  1.000e+00  2.063e-06  9.770e-11] [  743 -230   82]
 NS     24-2    7.290e+02 [-118  1.198e-06  2.472e-12  9.796e-11] [  578 -230   78]
 NS     25-1    7.413e+02 [   0  1.000e+00  1.095e-06  9.865e-11] [  715 -230   81]
 NS     25-2    7.508e+02 [-118  1.201e-06  1.316e-12  9.672e-11] [  512 -231   76]
 NS     26-1    7.678e+02 [   0  1.000e+00  5.795e-07  9.833e-11] [  628 -230   86]
 NS     26-2    7.772e+02 [-118  1.206e-06  6.987e-13  9.986e-11] [  509 -230   76]
 NS     27-1    7.890e+02 [   0  1.000e+00  3.055e-07  9.802e-11] [  678 -230   80]
 NS     27-2    7.982e+02 [-118  1.211e-06  3.699e-13  9.949e-11] [  491 -230   75]
 NS     28-1    8.098e+02 [   0  1.000e+00  1.605e-07  9.801e-11] [  661 -230   80]
 NS     28-2    8.202e+02 [-118  1.217e-06  1.954e-13  9.922e-11] [  582 -230   78]
 NS     29-1    8.306e+02 [   0  1.000e+00  8.409e-08  9.752e-11] [  575 -231   77]
 NS     29-2    8.408e+02 [-118  1.226e-06  1.031e-13  1.391e-10] [  562 -227   77]
 NS     30-1    8.523e+02 [   0  1.000e+00  4.392e-08  8.864e-11] [  652 -231   80]
 NS     30-2s   8.611e+02 [-118  1.241e-06  5.450e-14  2.628e-10] [  467 -221   74]
 NS     31-1    8.806e+02 [   0  1.000e+00  2.288e-08  9.286e-11] [  748 -231   84]
 NS     31-2    8.892e+02 [-117  1.273e-06  2.913e-14  4.867e-10] [  453 -214   74]
 NS     32-1    9.009e+02 [   0  1.000e+00  1.188e-08  9.876e-11] [  663 -230   80]
 NS     32-2    9.102e+02 [-117  1.371e-06  1.630e-14  8.698e-10] [  503 -209   76]
 NS     33-1    9.219e+02 [   0  1.000e+00  6.158e-09  9.503e-11] [  663 -231   80]
 NS     33-2    9.307e+02 [-115  1.663e-06  1.024e-14  1.405e-09] [  467 -204   74]
 NS     34-1    9.436e+02 [   0  1.000e+00  3.183e-09  9.776e-11] [  752 -230   81]
 NS     34-2    9.514e+02 [-112  2.456e-06  7.818e-15  1.803e-09] [  388 -201   70]
 NS     35-1    9.636e+02 [   0  1.000e+00  1.641e-09  9.956e-11] [  706 -230   81]
 NS     35-2    9.706e+02 [-107  4.250e-06  6.975e-15  2.033e-09] [  331 -200   67]
 NS     36-1    9.882e+02 [   0  1.000e+00  8.445e-10  9.793e-11] [  674 -230   87]
 NS     36-2    9.968e+02 [-101  8.046e-06  6.794e-15  1.970e-09] [  449 -200   73]
 NS     37-1    1.010e+03 [   0  1.000e+00  4.335e-10  9.826e-11] [  743 -230   81]
 NS     37-2    1.017e+03 [ -96  1.544e-05  6.693e-15  2.027e-09] [  348 -200   68]
 NS     38-1    1.027e+03 [   0  1.000e+00  2.221e-10  9.964e-11] [  579 -230   78]
 NS     38-2    1.035e+03 [ -90  3.003e-05  6.670e-15  2.133e-09] [  405 -200   72]
 NS     39-1    1.047e+03 [   0  1.000e+00  1.136e-10  9.847e-11] [  675 -230   80]
 NS     39-2    1.054e+03 [ -84  5.868e-05  6.664e-15  2.123e-09] [  368 -200   69]
 NS     40-1    1.066e+03 [   0  1.000e+00  5.795e-11  9.581e-11] [  645 -231   79]
 NS     40-2s   1.074e+03 [ -78  1.146e-04  6.643e-15  2.107e-09] [  382 -200   70]
 NS     41-1    1.093e+03 [   0  1.000e+00  2.951e-11  9.887e-11] [  724 -230   84]
 NS     41-2    1.100e+03 [ -73  2.238e-04  6.605e-15  2.143e-09] [  328 -200   67]
 NS     42-1    1.111e+03 [   0  1.000e+00  1.500e-11  9.952e-11] [  657 -230   80]
 NS     42-2    1.120e+03 [ -67  4.428e-04  6.644e-15  2.096e-09] [  466 -200   74]
 NS     43-1    1.133e+03 [   0  1.000e+00  7.614e-12  9.625e-11] [  736 -231   81]
 NS     43-2    1.141e+03 [ -61  8.713e-04  6.634e-15  2.067e-09] [  462 -200   74]
 NS     44-1    1.153e+03 [   0  1.000e+00  3.857e-12  9.947e-11] [  675 -230   80]
 NS     44-2    1.161e+03 [ -55  1.701e-03  6.561e-15  2.134e-09] [  366 -200   69]
 NS     45-1    1.173e+03 [   0  1.000e+00  1.951e-12  9.799e-11] [  727 -230   81]
 NS     45-2    1.182e+03 [ -49  3.369e-03  6.571e-15  2.159e-09] [  444 -200   73]
 NS     46-1    1.200e+03 [   0  1.000e+00  9.848e-13  9.913e-11] [  687 -230   87]
 NS     46-2    1.207e+03 [ -43  6.630e-03  6.530e-15  2.195e-09] [  335 -199   67]
 NS     47-1    1.217e+03 [   0  1.000e+00  4.965e-13  9.739e-11] [  574 -231   77]
 NS     47-2    1.226e+03 [ -37  1.319e-02  6.551e-15  2.157e-09] [  451 -200   73]
 NS     48-1    1.237e+03 [   0  1.000e+00  2.501e-13  9.880e-11] [  675 -230   80]
 NS     48-2    1.246e+03 [ -31  2.580e-02  6.451e-15  2.119e-09] [  436 -200   73]
 NS     49-1    1.257e+03 [   0  1.000e+00  1.259e-13  1.088e-10] [  614 -229   79]
 NS     49-2    1.265e+03 [ -25  5.187e-02  6.530e-15  2.028e-09] [  452 -200   73]
 NS     50-1    1.277e+03 [   0  1.000e+00  6.383e-14  2.169e-10] [  674 -223   80]
 NS     50-2s   1.285e+03 [ -19  1.019e-01  6.505e-15  2.195e-09] [  379 -199   70]
 NS     51-1    1.303e+03 [   0  1.000e+00  3.319e-14  4.320e-10] [  628 -216   83]
 NS     51-2    1.310e+03 [ -14  1.962e-01  6.512e-15  2.143e-09] [  365 -200   69]
 NS     52-1    1.321e+03 [   0  1.000e+00  1.883e-14  7.499e-10] [  645 -210   80]
 NS     52-2    1.330e+03 [  -9  3.485e-01  6.562e-15  2.130e-09] [  425 -200   72]
 NS     53-1    1.341e+03 [   0  1.000e+00  1.294e-14  1.099e-09] [  613 -206   79]
 NS     53-2    1.348e+03 [  -6  4.984e-01  6.448e-15  2.189e-09] [  366 -199   69]
 NS     54-1    1.357e+03 [   0  1.000e+00  1.079e-14  1.303e-09] [  482 -205   74]
 NS     54-2    1.365e+03 [  -4  6.001e-01  6.477e-15  2.196e-09] [  364 -199   69]
 NS     55-1    1.375e+03 [   0  1.000e+00  1.012e-14  1.398e-09] [  553 -204   77]
 NS     55-2    1.382e+03 [  -3  6.432e-01  6.510e-15  2.191e-09] [  363 -199   69]
 NS     56-1    1.398e+03 [   0  1.000e+00  1.004e-14  1.411e-09] [  536 -204   85]
 NS     56-2    1.405e+03 [  -3  6.472e-01  6.497e-15  2.212e-09] [  342 -199   68]
 NS     57-1    1.414e+03 [   0  1.000e+00  1.005e-14  1.432e-09] [  507 -204   75]
 NS     57-2    1.423e+03 [  -3  6.466e-01  6.496e-15  2.148e-09] [  422 -200   72]
 NS     58-1    1.432e+03 [   0  1.000e+00  9.948e-15  1.390e-09] [  475 -204   74]
 NS     58-2    1.439e+03 [  -3  6.550e-01  6.516e-15  2.199e-09] [  372 -199   69]
 NS     59-1    1.448e+03 [   0  1.000e+00  1.009e-14  1.351e-09] [  452 -204   73]
 NS     59-2    1.455e+03 [  -3  6.405e-01  6.461e-15  2.169e-09] [  372 -199   70]
 NS     60-1    1.464e+03 [   0  1.000e+00  9.946e-15  1.433e-09] [  440 -204   72]
 NS     60-2s   1.472e+03 [  -3  6.530e-01  6.495e-15  2.173e-09] [  414 -199   72]
 NS     61-1    1.487e+03 [   0  1.000e+00  9.903e-15  1.412e-09] [  424 -204   80]
 NS     61-2    1.494e+03 [  -3  6.521e-01  6.458e-15  2.190e-09] [  325 -199   66]
 NS     62-1    1.502e+03 [   0  1.000e+00  9.969e-15  1.384e-09] [  402 -204   71]
 NS     62-2    1.511e+03 [  -3  6.572e-01  6.552e-15  2.131e-09] [  456 -200   74]
 NS     63-1    1.517e+03 [   0  1.000e+00  1.024e-14  1.384e-09] [  327 -204   67]
 NS     63-2    1.525e+03 [  -4  6.122e-01  6.268e-15  2.199e-09] [  363 -199   69]
 NS     64-1    1.533e+03 [   0  1.000e+00  1.002e-14  1.435e-09] [  382 -204   70]
 NS     64-2    1.541e+03 [  -4  6.233e-01  6.244e-15  2.203e-09] [  457 -199   74]
 NS     65-1    1.549e+03 [   0  1.000e+00  9.699e-15  1.435e-09] [  407 -204   71]
 NS     65-2    1.558e+03 [  -3  6.502e-01  6.307e-15  2.070e-09] [  448 -200   73]
 NS     66-1    1.572e+03 [   0  1.000e+00  9.885e-15  1.446e-09] [  410 -204   83]
 NS     66-2    1.580e+03 [  -4  6.207e-01  6.135e-15  2.335e-09] [  430 -199   72]
 NS     67-1    1.588e+03 [   0  1.000e+00  9.851e-15  1.440e-09] [  386 -204   70]
 NS     67-2    1.596e+03 [  -3  6.580e-01  6.482e-15  2.210e-09] [  426 -199   72]
 NS     68-1    1.605e+03 [   0  1.000e+00  1.014e-14  1.412e-09] [  434 -204   72]
 NS     68-2    1.613e+03 [  -4  6.273e-01  6.363e-15  2.191e-09] [  451 -199   74]
 NS     69-1    1.622e+03 [   0  1.000e+00  9.729e-15  1.436e-09] [  424 -204   72]
 NS     69-2    1.630e+03 [  -3  6.456e-01  6.281e-15  2.274e-09] [  414 -199   72]
 NS     70-1    1.638e+03 [   0  1.000e+00  9.811e-15  1.452e-09] [  406 -204   71]
 NS     70-2s   1.647e+03 [  -3  6.463e-01  6.341e-15  2.179e-09] [  465 -199   74]
 NS     71-1    1.661e+03 [   0  1.000e+00  1.007e-14  1.398e-09] [  415 -204   79]
 NS     71-2    1.669e+03 [  -4  6.288e-01  6.330e-15  2.236e-09] [  350 -199   68]
