-----------------------------------------------------------------------------------
 Eq      N-i            T    dB      Ri/R1      Ri/R0       R/Ri    lsIt   dB   %t
-----------------------------------------------------------------------------------
 NS      1-1    1.284e+02 [   0  1.000e+00  1.000e+00  9.986e-11] [  642 -230   98]
 NS      1-2    2.337e+02 [-104  5.755e-06  5.755e-06  9.875e-11] [  565 -230   98]
 NS      1-3    3.457e+02 [-215  1.627e-11  1.627e-11  9.964e-11] [  585 -230   98]
 NS      2-1    4.644e+02 [   0  1.000e+00  1.132e+00  9.906e-11] [  627 -230   98]
 NS      2-2    5.719e+02 [-111  2.685e-06  3.039e-06  9.781e-11] [  561 -230   98]
 NS      2-3    6.618e+02 [-220  9.081e-12  1.028e-11  9.980e-11] [  468 -230   98]
 NS      3-1    7.777e+02 [   0  1.000e+00  1.261e+00  9.905e-11] [  642 -230   98]
 NS      3-2    8.884e+02 [-118  1.216e-06  1.534e-06  9.472e-11] [  560 -231   98]
 NS      3-3    9.818e+02 [-229  3.485e-12  4.395e-12  2.227e-10] [  487 -222   98]
 NS      4-1    1.101e+03 [   0  1.000e+00  1.093e+00  9.640e-11] [  619 -231   98]
 NS      4-2    1.196e+03 [-122  7.663e-07  8.376e-07  9.487e-11] [  490 -231   98]
 NS      4-3    1.283e+03 [-233  2.208e-12  2.414e-12  4.002e-10] [  457 -216   98]
 NS      5-1    1.399e+03 [   0  1.000e+00  8.300e-01  9.887e-11] [  598 -230   98]
 NS      5-2    1.499e+03 [-125  5.607e-07  4.654e-07  9.446e-11] [  519 -231   98]
 NS      5-3    1.583e+03 [-236  1.551e-12  1.287e-12  7.149e-10] [  461 -211   97]
 NS      6-1    1.701e+03 [   0  1.000e+00  5.818e-01  9.375e-11] [  612 -231   98]
 NS      6-2    1.770e+03 [-126  4.519e-07  2.629e-07  9.608e-11] [  346 -231   97]
 NS      6-3    1.852e+03 [-238  1.242e-12  7.224e-13  1.341e-09] [  415 -204   97]
 NS      7-1    1.970e+03 [   0  1.000e+00  3.864e-01  9.660e-11] [  612 -231   98]
 NS      7-2    2.081e+03 [-127  4.125e-07  1.594e-07  9.993e-11] [  576 -230   98]
 NS      7-3    2.172e+03 [-239  1.090e-12  4.210e-13  2.353e-09] [  465 -199   98]
 NS      8-1    2.289e+03 [   0  1.000e+00  2.467e-01  9.783e-11] [  613 -230   98]
 NS      8-2    2.371e+03 [-128  3.690e-07  9.105e-08  9.585e-11] [  419 -231   97]
 NS      8-3    2.452e+03 [-239  1.020e-12  2.517e-13  3.793e-09] [  410 -194   97]
 NS      9-1    2.568e+03 [   0  1.000e+00  1.529e-01  9.749e-11] [  613 -231   98]
 NS      9-2    2.660e+03 [-128  3.603e-07  5.509e-08  9.158e-11] [  479 -231   98]
 NS      9-3    2.750e+03 [-240  9.969e-13  1.524e-13  6.211e-09] [  455 -189   97]
 NS     10-1    2.867e+03 [   0  1.000e+00  9.254e-02  9.478e-11] [  613 -231   98]
 NS     10-2    2.953e+03 [-129  3.433e-07  3.177e-08  9.213e-11] [  434 -231   97]
 NS     10-3s   3.033e+03 [-239  1.002e-12  9.275e-14  1.057e-08] [  415 -184   97]
 NS     11-1    3.151e+03 [   0  1.000e+00  5.494e-02  9.219e-11] [  613 -231   98]
 NS     11-2    3.235e+03 [-129  3.390e-07  1.863e-08  9.776e-11] [  420 -230   97]
 NS     11-3    3.314e+03 [-239  1.102e-12  6.055e-14  1.600e-08] [  406 -180   97]
 NS     12-1    3.433e+03 [   0  1.000e+00  3.209e-02  9.834e-11] [  612 -230   98]
 NS     12-2    3.524e+03 [-129  3.301e-07  1.059e-08  9.740e-11] [  467 -231   98]
 NS     12-3    3.600e+03 [-237  1.403e-12  4.501e-14  2.155e-08] [  389 -177   97]
 NS     13-1    3.717e+03 [   0  1.000e+00  1.849e-02  9.619e-11] [  612 -231   98]
 NS     13-2    3.803e+03 [-129  3.269e-07  6.044e-09  9.960e-11] [  445 -230   97]
 NS     13-3    3.880e+03 [-233  2.072e-12  3.831e-14  2.576e-08] [  381 -175   97]
 NS     14-1    3.995e+03 [   0  1.000e+00  1.053e-02  9.387e-11] [  612 -231   98]
 NS     14-2    4.088e+03 [-129  3.224e-07  3.395e-09  9.453e-11] [  477 -231   98]
 NS     14-3    4.153e+03 [-229  3.455e-12  3.639e-14  2.692e-08] [  326 -174   97]
 NS     15-1    4.265e+03 [   0  1.000e+00  5.936e-03  9.893e-11] [  611 -230   98]
 NS     15-2    4.359e+03 [-129  3.205e-07  1.902e-09  9.568e-11] [  476 -231   98]
 NS     15-3    4.426e+03 [-224  5.953e-12  3.534e-14  2.705e-08] [  340 -174   97]
 NS     16-1    4.544e+03 [   0  1.000e+00  3.316e-03  9.628e-11] [  611 -231   98]
 NS     16-2    4.637e+03 [-129  3.186e-07  1.057e-09  9.541e-11] [  476 -231   97]
 NS     16-3    4.698e+03 [-219  1.062e-11  3.523e-14  2.812e-08] [  295 -174   96]
