2 0 0 0
2 0 0 0
2 0 0 0
2 0 0 0
2 0 0 0
2 0 0 0
2 0 0 0
2 0 0 0
2 0 0 0
2 0 0 0
2 0 0 0
2 0 0 0
2 0 0 0
2 0 0 0
2 0 0 0
2 0 0 0
2 0 0 0
2 0 0 0
2 0 0 0
2 0 0 0
2 0 0 0
2 0 0 0
2 0 0 0
2 0 0 0
2 0 0 0
2 0 0 0
2 0 0 0
2 0 0 0
2 0 0 0
2 0 0 0
2 0 0 0
2 0 0 0
2 0 0 0
2 0 0 0
2 0 0 0
2 0 0 0
2 0 0 0
2 0 0 0
2 0 0 0
2 0 0 0
2 0 0 0
2 0 0 0
2 0 0 0
2 0 0 0
2 0 0 0
2 0 0 0
2 0 0 0
2 0 0 0
2 0 0 0
2 0 0 0
2 0 0 0
2 0 0 0
2 0 0 0
2 0 0 0
2 0 0 0
2 0 0 0
2 0 0 0
2 0 0 0
2 0 0 0
2 0 0 0
2 0 0 0
2 0 0 0
2 0 0 0
2 0 0 0
2 0 0 0
2 0 0 0
2 0 0 0
2 0 0 0
2 0 0 0
2 0 0 0
2 0 0 0
2 0 0 0
2 0 0 0
2 0 0 0
2 0 0 0
2 0 0 0
2 0 0 0
2 0 0 0
2 0 0 0
2 0 0 0
2 0 0 0
2 0 0 0
2 0 0 0
2 0 0 0
2 0 0 0
2 0 0 0
2 0 0 0
2 0 0 0
2 0 0 0
2 0 0 0
2 0 0 0
2 0 0 0
2 0 0 0
2 0 0 0
2 0 0 0
2 0 0 0
2 0 0 0
2 0 0 0
2 0 0 0
2 0 0 0
2 0 0 0
2 0 0 0
2 0 0 0
2 0 0 0
2 0 0 0
2 0 0 0
2 0 0 0
2 0 0 0
2 0 0 0
2 0 0 0
2 0 0 0
2 0 0 0
2 0 0 0
2 0 0 0
2 0 0 0
2 0 0 0
2 0 0 0
2 0 0 0
2 0 0 0
2 0 0 0
2 0 0 0
2 0 0 0
2 0 0 0
2 0 0 0
2 0 0 0
2 0 0 0
2 0 0 0
2 0 0 0
2 0 0 0
2 0 0 0
2 0 0 0
2 0 0 0
2 0 0 0
2 0 0 0
2 0 0 0
2 0 0 0
2 0 0 0
2 0 0 0
2 0 0 0
2 0 0 0
2 0 0 0
2 0 0 0
2 0 0 0
2 0 0 0
0 -7.3504026075278135e-07 5.767083826430989e-07 -0.00014830831992461625
2 0 0 0
0 -9.9917466897185989e-07 4.7859531563280954e-07 -0.00014466827393529402
2 0 0 0
2 0 0 0
2 0 0 0
2 0 0 0
2 0 0 0
2 0 0 0
2 0 0 0
0 -7.5215839576239628e-07 3.9967714163359996e-07 -0.00012736989863388069
2 0 0 0
2 0 0 0
2 0 0 0
2 0 0 0
2 0 0 0
0 -4.3789873153986828e-07 7.1608906342272264e-07 -0.00013208288890997029
2 0 0 0
0 -8.5310709831278518e-07 4.3333605827879585e-07 -0.00013496845356701252
2 0 0 0
2 0 0 0
2 0 0 0
2 0 0 0
2 0 0 0
0 -2.9290647482178672e-07 6.1115623933628917e-07 -0.00010867405799488255
2 0 0 0
2 0 0 0
2 0 0 0
2 0 0 0
2 0 0 0
2 0 0 0
2 0 0 0
0 -4.551058893687079e-07 7.1617940250261786e-07 -0.0001337974611453736
2 0 0 0
0 -8.4758595606034117e-07 4.3844569563391174e-07 -0.0001359047967897421
2 0 0 0
0 -5.5977540382515478e-07 3.1784843741470553e-07 -0.00010812185968860755
2 0 0 0
0 -9.9628654318655847e-07 4.9533763460615963e-07 -0.00014713760599793695
2 0 0 0
2 0 0 0
2 0 0 0
0 -6.3389690470547434e-07 3.5411010029795589e-07 -0.00011638122799460006
2 0 0 0
2 0 0 0
2 0 0 0
2 0 0 0
2 0 0 0
0 -1.7327079712392563e-06 -2.3223658746592606e-07 -0.00024860730940762108
2 0 0 0
0 -1.4946538742426104e-06 -1.0326115867537691e-06 -0.00054543835067786238
2 0 0 0
0 -1.7234433151167715e-06 -2.7463209603719734e-07 -0.00024769332749109132
2 0 0 0
0 7.4722092978847123e-07 -1.5303568088074905e-06 -0.00055416423020552435
2 0 0 0
0 -1.7308430572412844e-06 -2.4066965022872388e-07 -0.00024842477130401666
2 0 0 0
0 -4.3152351909365717e-07 -1.37565032828302e-06 -0.00059011058450653727
2 0 0 0
0 -1.4493402725364438e-06 -1.0831117311164305e-06 -0.00054662900506139529
2 0 0 0
0 1.5240243376280934e-06 -9.057556261527491e-07 -0.00026503535257910713
2 0 0 0
0 -1.4625850400477199e-06 -1.011772702628918e-06 -0.00055088162044570764
2 0 0 0
0 -4.3494089246533651e-07 -1.3451003546040565e-06 -0.00059376560707565266
2 0 0 0
0 -1.72713120340793e-06 -2.5760483418231494e-07 -0.00024805930767721467
2 0 0 0
0 7.5178199686951814e-07 -1.4998690663400806e-06 -0.00055826023140123139
2 0 0 0
0 -1.7348131610697109e-06 -2.2277690732592882e-07 -0.00024881251041170672
2 0 0 0
0 -2.1105729395694953e-06 -5.680392098004935e-07 -0.00041068434153204627
2 0 0 0
0 -2.0985496750290068e-06 -5.9292116760462492e-07 -0.00040875902979471365
2 0 0 0
0 1.4601800961445911e-06 -1.4519629362625335e-06 -0.00047274989235245301
2 0 0 0
0 -2.1226324469554739e-06 -5.4321934477287004e-07 -0.00041260957237933027
2 0 0 0
0 -1.5761062359616512e-06 -9.8598787701773595e-07 -0.00053986788046271345
2 0 0 0
0 -1.3056890492102078e-06 -1.634976575134152e-07 -0.00017730054596032971
2 0 0 0
0 4.3325298554593822e-07 -1.5094646373087152e-06 -0.00057018394446834038
2 0 0 0
0 -1.3158713879003832e-06 -1.4022607805783643e-07 -0.00017797201381375492
2 0 0 0
0 -5.303695536870096e-07 -1.3644022684233174e-06 -0.0005900987003032588
2 0 0 0
0 -1.7910312882713579e-06 -9.1774429902386292e-07 -0.00050850187769689982
2 0 0 0
0 1.6966154563660408e-06 -1.1696140738330687e-06 -0.0003519441680636043
2 0 0 0
0 -1.8074562313699878e-06 -8.5224477008567818e-07 -0.00051255993278275414
2 0 0 0
0 -5.3431702971927905e-07 -1.3332691287466321e-06 -0.00059365614407785882
2 0 0 0
0 -1.1343935106659825e-06 -1.1218909988793674e-07 -0.00014744262849530866
2 0 0 0
0 2.9413637079914792e-07 -1.4644254306733887e-06 -0.00057985929667589702
2 0 0 0
0 -1.1458197450470498e-06 -9.3696629947165476e-08 -0.00014808728545541514
2 0 0 0
0 -2.1009108678128101e-06 -5.8998979499349786e-07 -0.0004167019868525089
2 0 0 0
0 -2.0891965920968813e-06 -6.1540112362552432e-07 -0.00041477598548316018
2 0 0 0
0 1.6011626823433835e-06 -1.376228629179719e-06 -0.00045971876806862532
2 0 0 0
0 -2.1521604932712852e-06 -2.2717339103156104e-07 -0.00045576209242493041
2 0 0 0
0 -1.0076287736790936e-06 -9.0900096041054574e-07 -0.00059718972005560946
2 0 0 0
0 -2.1268654696685473e-06 -4.2714126561569733e-07 -0.00037054162703861119
2 0 0 0
0 1.2929067979645991e-06 -1.4720882840029201e-06 -0.00050625007073328075
2 0 0 0
0 -2.1915817531882748e-06 -1.5807442415126957e-07 -0.00038410765542945676
2 0 0 0
0 -3.7818256738608144e-07 -1.173224821740185e-06 -0.00060554343915879532
2 0 0 0
0 -8.6373612373194684e-07 -1.2025678470366368e-06 -0.00058584961606700096
2 0 0 0
0 9.0889451632701666e-07 -5.2859757438410265e-07 -0.00012767895447687356
2 0 0 0
0 -8.6307223752030547e-07 -7.9534986804396131e-07 -0.00061182619337944136
2 0 0 0
0 -3.6635131540266697e-07 -9.5066573042191277e-07 -0.00061908548791352513
2 0 0 0
0 -2.1708084635342088e-06 -3.3363876975654553e-07 -0.00039957733158898958
2 0 0 0
0 1.4487891321111337e-06 -1.3196684295334255e-06 -0.0005099259499200667
2 0 0 0
0 -2.2092373974960199e-06 -4.3368055954542547e-08 -0.00041065046639519393
2 0 0 0
0 -2.14353496323803e-06 -2.9873779973335673e-07 -0.0004528867749262524
2 0 0 0
0 -2.1236425801130088e-06 -4.6171456999926396e-07 -0.00044631523636530344
2 0 0 0
0 1.6450815200161644e-06 -1.3062184742093685e-06 -0.00047052576318933992
2 0 0 0
0 -2.1631812442290665e-06 -1.3492760887791588e-07 -0.00045945917014353886
2 0 0 0
0 -2.011827746649939e-06 -4.1118898297309409e-07 -0.00050126210129289501
2 0 0 0
0 -1.3538552298094569e-06 -9.1665046967819543e-08 -0.00018203869030334534
2 0 0 0
0 4.5404631061084006e-07 -1.3765443374839583e-06 -0.00058658963645934008
2 0 0 0
0 -1.1988158098704751e-06 3.1277868673754578e-08 -0.00015617601614197277
2 0 0 0
0 -1.6021161659997773e-06 -7.90820366343725e-07 -0.00055352302209163602
2 0 0 0
0 -1.8317364738945333e-06 -7.3150609416653132e-07 -0.00052173400626817201
2 0 0 0
0 1.7839485155535336e-06 -1.1589812768512525e-06 -0.00037065426161459727
2 0 0 0
0 -1.8558932243957705e-06 -3.5121774022522002e-07 -0.00053743379707889185
2 0 0 0
0 -1.6136818553267405e-06 -5.9645593012895467e-07 -0.00056357395785087072
2 0 0 0
0 -1.2138411328417981e-06 -1.5615610435836979e-08 -0.0001561811079916427
2 0 0 0
0 3.3718731741603265e-07 -1.1518094281693124e-06 -0.00060798713197312117
2 0 0 0
0 -1.1840219308538242e-06 7.9542108820369389e-08 -0.0001561697746004967
2 0 0 0
0 -1.6393290407804041e-06 -3.5063173224900674e-08 -0.00022961354180258642
2 0 0 0
2 0 0 0
2 0 0 0
2 0 0 0
2 0 0 0
2 0 0 0
2 0 0 0
2 0 0 0
2 0 0 0
2 0 0 0
2 0 0 0
2 0 0 0
2 0 0 0
2 0 0 0
2 0 0 0
2 0 0 0
2 0 0 0
2 0 0 0
2 0 0 0
2 0 0 0
2 0 0 0
2 0 0 0
2 0 0 0
2 0 0 0
2 0 0 0
2 0 0 0
2 0 0 0
2 0 0 0
2 0 0 0
2 0 0 0
2 0 0 0
2 0 0 0
2 0 0 0
2 0 0 0
2 0 0 0
2 0 0 0
2 0 0 0
2 0 0 0
2 0 0 0
2 0 0 0
2 0 0 0
2 0 0 0
2 0 0 0
2 0 0 0
2 0 0 0
2 0 0 0
2 0 0 0
2 0 0 0
2 0 0 0
2 0 0 0
2 0 0 0
2 0 0 0
2 0 0 0
2 0 0 0
2 0 0 0
2 0 0 0
2 0 0 0
2 0 0 0
2 0 0 0
2 0 0 0
2 0 0 0
2 0 0 0
2 0 0 0
2 0 0 0
2 0 0 0
2 0 0 0
2 0 0 0
2 0 0 0
2 0 0 0
2 0 0 0
2 0 0 0
2 0 0 0
2 0 0 0
2 0 0 0
2 0 0 0
2 0 0 0
2 0 0 0
2 0 0 0
2 0 0 0
2 0 0 0
2 0 0 0
2 0 0 0
2 0 0 0
2 0 0 0
2 0 0 0
2 0 0 0
2 0 0 0
2 0 0 0
2 0 0 0
2 0 0 0
2 0 0 0
2 0 0 0
2 0 0 0
2 0 0 0
2 0 0 0
2 0 0 0
2 0 0 0
2 0 0 0
2 0 0 0
2 0 0 0
2 0 0 0
2 0 0 0
2 0 0 0
2 0 0 0
2 0 0 0
2 0 0 0
2 0 0 0
2 0 0 0
2 0 0 0
2 0 0 0
2 0 0 0
2 0 0 0
2 0 0 0
2 0 0 0
2 0 0 0
2 0 0 0
2 0 0 0
2 0 0 0
2 0 0 0
2 0 0 0
2 0 0 0
2 0 0 0
2 0 0 0
2 0 0 0
2 0 0 0
2 0 0 0
2 0 0 0
2 0 0 0
2 0 0 0
2 0 0 0
2 0 0 0
2 0 0 0
2 0 0 0
2 0 0 0
2 0 0 0
2 0 0 0
2 0 0 0
2 0 0 0
2 0 0 0
0 1.857966555712752e-07 3.900780642561051e-07 -2.7193692441297689e-05
2 0 0 0
2 0 0 0
2 0 0 0
2 0 0 0
2 0 0 0
2 0 0 0
2 0 0 0
2 0 0 0
2 0 0 0
2 0 0 0
2 0 0 0
2 0 0 0
2 0 0 0
2 0 0 0
2 0 0 0
2 0 0 0
2 0 0 0
2 0 0 0
2 0 0 0
2 0 0 0
2 0 0 0
2 0 0 0
2 0 0 0
0 1.878092121693823e-07 4.0415107719756108e-07 -2.9463555276296398e-05
2 0 0 0
2 0 0 0
2 0 0 0
2 0 0 0
2 0 0 0
2 0 0 0
2 0 0 0
0 1.7212210218412689e-07 3.7503146428869467e-07 -2.4810029025816365e-05
2 0 0 0
2 0 0 0
2 0 0 0
2 0 0 0
2 0 0 0
2 0 0 0
2 0 0 0
2 0 0 0
2 0 0 0
2 0 0 0
2 0 0 0
2 0 0 0
2 0 0 0
2 0 0 0
2 0 0 0
0 -2.1449886664443971e-06 -1.2792935312902476e-07 -0.0004819190080051518
2 0 0 0
0 1.7121073705437121e-06 -1.2484072423309696e-06 -0.00045519104143652362
2 0 0 0
0 -1.8550590212188821e-06 -2.6175804078243628e-07 -0.00054112971638634435
2 0 0 0
0 -1.1851699620113811e-06 1.1322756510276219e-07 -0.00015780457115353045
2 0 0 0
0 -1.1837216139599043e-06 9.3937122688027163e-08 -0.00015681061196766346
2 0 0 0
0 3.4714479537297778e-07 -1.0924608900713654e-06 -0.00061145828780565588
2 0 0 0
0 -1.9108766116186201e-06 -2.5346385083869278e-07 -0.00052978236380635236
2 0 0 0
2 0 0 0
2 0 0 0
2 0 0 0
2 0 0 0
0 -2.0274498399556457e-07 -9.16456260524195e-07 -0.00062335439277049203
2 0 0 0
0 -2.2020744236900343e-06 1.2166486659248455e-08 -0.00041118213206372997
2 0 0 0
2 0 0 0
2 0 0 0
2 0 0 0
2 0 0 0
0 -5.7528815028810134e-08 -1.0024622598477238e-06 -0.00062021328670562104
2 0 0 0
0 -7.1584839549510335e-07 -7.9368636924230692e-07 -0.00061928606146306785
2 0 0 0
0 -2.0784597925342058e-06 -1.2542511504493075e-07 -0.00050091669659065865
2 0 0 0
0 -2.0786993670876718e-06 -1.8869704906548592e-07 -0.00049779088030567863
2 0 0 0
0 1.7352316647801608e-06 -1.2346602077456486e-06 -0.00043208096184532967
2 0 0 0
0 -7.1126329253963125e-07 -7.5741041700409904e-07 -0.00062176297552673956
2 0 0 0
0 -2.1984660188104873e-06 3.8800528756596576e-08 -0.00041166200862317902
2 0 0 0
0 -2.1997748443217983e-06 1.7778524322958579e-08 -0.00038779749903103915
2 0 0 0
0 1.3745722675726267e-06 -1.2937475918479377e-06 -0.0005304500501666392
2 0 0 0
0 -1.1007056931139777e-06 -6.2214934071856683e-07 -0.00060740181241654141
2 0 0 0
0 -2.0092337923904542e-06 1.391692034030945e-07 -0.00031879277776207299
2 0 0 0
0 -2.0100322262150227e-06 9.757716299255864e-08 -0.00031749076120465424
2 0 0 0
0 1.0886355301890931e-06 -1.2472133846723561e-06 -0.00056948861476501314
2 0 0 0
0 -2.1989300573875306e-06 5.5434829865922928e-08 -0.00038877475722481143
2 0 0 0
0 -2.0096353979310817e-06 1.1831042489168578e-07 -0.00031814176224084301
2 0 0 0
0 -2.0104242772468154e-06 7.6969417703587663e-08 -0.00031683977465350998
2 0 0 0
0 1.0755597387671728e-06 -1.2741570862169704e-06 -0.0005662647924667073
2 0 0 0
0 -8.8759129535138461e-08 1.4494590936598882e-06 -0.00061190983783362507
2 0 0 0
0 -1.4615586138124077e-06 8.9544322273887109e-07 -0.00026800398787297261
2 0 0 0
0 1.5620085437977727e-06 5.8082222568374062e-07 -0.00060370545112886404
2 0 0 0
0 -3.6679102607147151e-07 1.1334939466848571e-06 -0.00016040300102158138
2 0 0 0
0 -1.554965562728493e-06 1.3601508378256318e-06 -0.0003724083488939971
2 0 0 0
0 -1.9311757196492088e-06 6.5627668275061337e-07 -0.00033674491198545882
2 0 0 0
0 1.45918266641799e-06 -3.9913284582641923e-07 -0.00060190640945489721
2 0 0 0
0 -8.7341455248472798e-07 1.8506244078694004e-06 -0.00033012889859816605
2 0 0 0
0 -1.0836072529530181e-06 1.0292678963827232e-06 -0.00059590176041486793
2 0 0 0
0 -1.885917504363814e-06 3.1087846191880762e-07 -0.00028731418632741812
2 0 0 0
0 1.0219828741825901e-06 -9.0436648402689525e-07 -0.00059995195392963921
2 0 0 0
0 -1.1526568126861211e-06 1.5791981320084992e-06 -0.00033208933854474382
2 0 0 0
0 -5.0074583121137014e-07 1.9132439369471715e-07 -0.00064530932663120456
2 0 0 0
0 -1.432164691408798e-06 -1.309978196276221e-08 -0.00059535309379514024
2 0 0 0
0 1.8623552295138227e-06 -8.2093929077303325e-07 -0.00031478503729150597
2 0 0 0
0 2.2756695122658576e-07 1.9805618694666175e-06 -0.00056851622246101069
2 0 0 0
0 3.8247288184387974e-07 1.2659738952560719e-06 -0.00062599076667699629
2 0 0 0
0 -1.7450222439891292e-06 1.0118245176782736e-06 -0.00034014613091505174
2 0 0 0
0 1.7381186226540963e-06 2.2267972646677071e-07 -0.00058751845769587565
2 0 0 0
0 -4.982347280950096e-07 1.6887101453787947e-06 -0.00024951854499351842
2 0 0 0
0 -1.5077237528908747e-06 1.5029598010066655e-06 -0.00044785526336642094
2 0 0 0
0 -2.0568488654992688e-06 6.1621881736555051e-07 -0.0004362075411780938
2 0 0 0
0 1.8528763088190577e-06 -6.5568200689131009e-07 -0.0005441697716056734
2 0 0 0
0 -7.4971350922450797e-07 2.1150956709688706e-06 -0.00042199859772433919
2 0 0 0
0 -7.0824274736406557e-07 1.1482218675013879e-06 -0.00061091422561636202
2 0 0 0
2 0 0 0
2 0 0 0
0 1.2854452156530902e-07 -8.8905594130991637e-07 -0.00062833263685525874
2 0 0 0
0 -1.0896653800994655e-06 9.9451720036776063e-07 -0.00023135269778834752
2 0 0 0
0 -3.1071944542523459e-07 -5.5672967698774584e-07 -0.00063756060476689966
2 0 0 0
0 -1.9870163139102792e-06 -6.1231879581591152e-08 -0.00052064180921523938
2 0 0 0
0 1.8225240947207311e-06 -1.1399956829198523e-06 -0.00041975637937579513
2 0 0 0
0 1.3871783442261456e-07 2.3466777799461729e-06 -0.00048127716349820749
2 0 0 0
0 1.3870483780312623e-06 1.2828671597830542e-06 -0.00059006718841468088
2 0 0 0
2 0 0 0
2 0 0 0
0 1.6175584178308269e-06 9.6289370550391965e-07 -0.00058482229678762424
2 0 0 0
2 0 0 0
2 0 0 0
0 -7.96367468516863e-08 2.3641994439623433e-06 -0.00043606492244323627
2 0 0 0
0 -1.079812549916013e-07 2.3565291537876161e-06 -0.00043748028713730251
2 0 0 0
0 2.2554653024270981e-06 -4.3098624694628838e-07 -0.00045077100744025071
2 0 0 0
0 -5.153322962316059e-08 2.3719117955398088e-06 -0.00043464966563865851
2 0 0 0
0 1.1491013891641306e-06 1.5283768759676288e-06 -0.00058364425774437524
2 0 0 0
0 -3.3800790080473757e-07 2.0629479121385351e-06 -0.0003201750693435968
2 0 0 0
0 2.1749541113013489e-06 -5.5722994086902345e-08 -0.00051678201336587365
2 0 0 0
0 -2.7072830525468336e-07 2.1600397248234848e-06 -0.00034314247418067097
2 0 0 0
0 1.3722890184988916e-06 1.2774193842455301e-06 -0.00059108762833442368
2 0 0 0
0 9.1832232531831482e-07 1.7292979014274747e-06 -0.00057975648427695411
2 0 0 0
0 1.2157989164194085e-06 -5.1324645102632638e-07 -0.00016238276123679986
2 0 0 0
0 9.8123842793230712e-07 1.7476469291122006e-06 -0.00057415737710192396
2 0 0 0
0 1.4060067104125488e-06 1.2898511711553638e-06 -0.00058875519849916702
2 0 0 0
0 -2.9229785978243282e-07 2.1530364388222587e-06 -0.00034386043223270447
2 0 0 0
0 2.1940389855674819e-06 -4.1906532204581534e-08 -0.00051306328438556156
2 0 0 0
0 -2.4945896801819091e-07 2.1671471722428469e-06 -0.00034242518133547131
2 0 0 0
0 -1.2673915702527408e-07 2.3758384367973725e-06 -0.00041785646194937272
2 0 0 0
0 -1.5430979767376335e-07 2.3680330793591117e-06 -0.00041927148019194136
2 0 0 0
0 2.2710269738813397e-06 -3.4335512161453422e-07 -0.000465317786722012
2 0 0 0
0 -9.9411342931912067e-08 2.3831931692719217e-06 -0.00041641302675648269
2 0 0 0
0 2.9644177301872837e-07 2.2974442915283623e-06 -0.000512598170651408
2 0 0 0
2 0 0 0
2 0 0 0
0 1.6057261285547537e-06 9.581280763572196e-07 -0.00058635006059647111
2 0 0 0
2 0 0 0
2 0 0 0
0 4.7878334732567837e-07 2.1231374608304006e-06 -0.00053893530883618844
2 0 0 0
0 9.5745872740037547e-08 2.3360403813475859e-06 -0.00048331274712562993
2 0 0 0
0 2.1778986338288793e-06 -5.2004979404840761e-07 -0.00037835204159130249
2 0 0 0
0 5.6604443380616053e-07 2.3712858811789924e-06 -0.00045354424532953512
2 0 0 0
0 9.2593313512237405e-07 2.1017590239646838e-06 -0.00052521743976239048
2 0 0 0
2 0 0 0
2 0 0 0
0 1.8733413422713815e-06 1.0255746463929133e-06 -0.00055322004564725181
2 0 0 0
2 0 0 0
2 0 0 0
0 -1.5414401500162369e-07 1.7668698234582407e-06 -0.00024402155653631223
2 0 0 0
0 -2.4008880359728436e-07 1.7440578639786539e-06 -0.00024558286543232541
2 0 0 0
0 2.1102157342340338e-06 3.8336138881290596e-07 -0.00053694801497425424
2 0 0 0
0 -6.8170889232452803e-08 1.7655936302325053e-06 -0.00023877786922434866
2 0 0 0
0 5.3827955640867895e-07 2.317356263347457e-06 -0.00049705568696670655
2 0 0 0
0 -2.8011072870517709e-07 1.7352082671329011e-06 -0.00024628311600259476
2 0 0 0
0 2.0673792176563449e-06 3.6383025496094233e-07 -0.00054728231141567911
2 0 0 0
0 -1.074835445753493e-07 1.7753530347413419e-06 -0.0002423589755713089
2 0 0 0
0 1.2124659553976287e-06 1.6652761840487704e-06 -0.0005670918834431726
2 0 0 0
0 6.7710769893949953e-07 2.0749846009142794e-06 -0.00054346665306274293
2 0 0 0
0 1.6995594425137164e-06 -6.1415328599476823e-07 -0.00025680520469608954
2 0 0 0
0 1.0153321907037503e-06 2.1042424979033916e-06 -0.00051623579684989432
2 0 0 0
0 1.3909040929785741e-06 1.6948122295604273e-06 -0.00055297304760677595
2 0 0 0
0 -1.9079748080235286e-07 1.7564471684382638e-06 -0.0002446979073811555
2 0 0 0
0 2.1651102281986077e-06 4.073421453715277e-07 -0.00052366100261889471
2 0 0 0
0 -4.5220650958023783e-08 1.6092279064041217e-06 -0.00020904647104554036
2 0 0 0
0 8.0515960456696758e-09 2.2635808061122813e-06 -0.00035543916970646165
2 0 0 0
0 -1.223425036680574e-07 2.2519922926041253e-06 -0.00036188295078104266
2 0 0 0
0 2.2991857124924757e-06 -9.5349644814283711e-08 -0.00048411052369435757
2 0 0 0
0 1.3126986166977906e-07 2.2762610589187331e-06 -0.00034900422507657558
2 0 0 0
0 6.9941180060686094e-07 2.2526134636059717e-06 -0.00051114388009874479
2 0 0 0
0 -2.9072940837519989e-07 1.4981056418760728e-06 -0.00020862171654918282
2 0 0 0
0 1.9727030821786546e-06 5.1083317622099927e-07 -0.00056205790962922039
2 0 0 0
0 -1.337600024158484e-07 1.5506972204637297e-06 -0.00020560495958569266
2 0 0 0
0 1.4045902179846907e-06 1.4176025795110098e-06 -0.00057894509486318825
2 0 0 0
2 0 0 0
2 0 0 0
2 0 0 0
2 0 0 0
0 1.7364870365181917e-06 1.3692746542666107e-06 -0.0005453856873948843
2 0 0 0
0 2.2753174881792957e-06 2.8154536328044074e-07 -0.00049831298400417501
2 0 0 0
0 2.2678917801735869e-06 -3.3613004094349488e-07 -0.00041696639255931975
2 0 0 0
0 2.2752419993749627e-06 -2.9393995778755509e-07 -0.00041349349115921055
2 0 0 0
0 4.1687205228562658e-07 2.4023610493971819e-06 -0.0004057013611504867
2 0 0 0
0 2.2674474148121639e-06 2.5884055904993632e-07 -0.00050037678784837299
2 0 0 0
0 1.4605377049698013e-06 -5.375765428406067e-07 -0.00020439761790451826
2 0 0 0
0 1.4687434200480426e-06 -5.1743944166537269e-07 -0.00020335476428728582
2 0 0 0
0 1.1281687543849282e-06 2.0653205771429444e-06 -0.00051372440659502362
2 0 0 0
0 2.2450450348660008e-06 3.4316671965972387e-07 -0.00050500836653118901
2 0 0 0
2 0 0 0
2 0 0 0
2 0 0 0
2 0 0 0
0 1.7330962199393844e-06 1.3614286124678625e-06 -0.00054680904330067749
2 0 0 0
0 2.2633866319464819e-06 -3.5243521072329021e-07 -0.00040408065939839631
2 0 0 0
2 0 0 0
2 0 0 0
2 0 0 0
2 0 0 0
0 1.7408152716535229e-06 1.3793288629166289e-06 -0.00054355566526933087
2 0 0 0
0 1.7954433151501928e-06 1.3114683433546884e-06 -0.00054473925632971042
2 0 0 0
0 2.2699551119347231e-06 -3.2417890264246567e-07 -0.00041598971350416489
2 0 0 0
0 2.2923789689455761e-06 -2.0477462277833697e-07 -0.00042783334387462238
2 0 0 0
0 3.4896963015551701e-07 2.357140231310057e-06 -0.00038433771512971885
2 0 0 0
0 1.7872620472095211e-06 1.2924709516966663e-06 -0.00054819596604361155
2 0 0 0
0 2.2594794285347315e-06 -3.7479652071488376e-07 -0.00040592568387857195
2 0 0 0
0 2.2668432481695622e-06 -3.3290215592550161e-07 -0.00040245252395248478
2 0 0 0
0 4.721207278249551e-07 2.4238537163523323e-06 -0.00041586653088260961
2 0 0 0
0 1.8857803733898572e-06 1.1377803200576483e-06 -0.0005458393999291124
2 0 0 0
0 1.7934215617855469e-06 -5.9757248412087068e-07 -0.00027323783378862382
2 0 0 0
0 1.8013347780661789e-06 -5.7677363442157782e-07 -0.00027219564667542136
2 0 0 0
0 9.8080703242208741e-07 2.1899880905894299e-06 -0.00050167651990254967
2 0 0 0
0 2.2599043970163892e-06 -1.869154722945404e-07 -0.00037177266834361247
2 0 0 0
0 1.72552325221007e-06 -4.3904248111209157e-07 -0.00024248281218318835
2 0 0 0
0 1.6612544676632804e-06 -2.6756444624132273e-07 -0.00022685638089446015
2 0 0 0
0 1.1273926626333808e-06 2.2287217365859308e-06 -0.0004684058549586131
2 0 0 0
0 1.9273291537327516e-06 1.4097914872693101e-06 -0.00051320220665541667
2 0 0 0
0 2.2312472322014758e-06 5.43458763268689e-07 -0.00050673605860066418
2 0 0 0
0 2.2790803849277627e-06 8.4743599379512692e-07 -0.0004720743010843725
2 0 0 0
0 2.3993565977913034e-08 1.6582606855345198e-06 -0.00021402383872315501
2 0 0 0
0 1.8969930160108857e-06 1.2783145944979293e-06 -0.00053560356064733645
2 0 0 0
0 2.265104156511092e-06 -3.287911725774018e-07 -0.00038261057387351969
2 0 0 0
0 2.2951410713229439e-06 1.7722586469367723e-08 -0.00037759324372429461
2 0 0 0
0 4.8877629588446679e-07 2.3841567786853764e-06 -0.00039833922187843576
2 0 0 0
0 2.2995129051453147e-06 5.3761878766189919e-07 -0.00049021593044824244
2 0 0 0
0 1.6235986982060936e-06 -5.0861601816000682e-07 -0.00022921858583435496
2 0 0 0
0 1.6085072896058668e-06 -3.4790979681982196e-07 -0.00021878212761582361
2 0 0 0
0 1.1543232700906895e-06 2.1180634794449641e-06 -0.00049948954629339072
2 0 0 0
0 2.303554389896212e-06 -1.340070030801006e-07 -0.00038329572771960855
2 0 0 0
0 1.66109774354087e-06 -4.3825794421268623e-07 -0.00022748436982739084
2 0 0 0
0 1.550095773604023e-06 -2.6931951946522573e-07 -0.00020977484261688667
2 0 0 0
0 1.1936785169052316e-06 2.2110632536699814e-06 -0.00047380607235569496
2 0 0 0
0 1.9460425187365112e-06 1.379241001659834e-06 -0.00051179044731923333
2 0 0 0
0 2.2587790455416958e-06 4.73317391227493e-07 -0.00050064156873409445
2 0 0 0
0 2.299267912417111e-06 7.7857798120563695e-07 -0.00046727480673071478
2 0 0 0
0 4.3745968561644111e-08 1.7494571257910485e-06 -0.00023008352047638558
2 0 0 0
0 1.9262642518818029e-06 1.2503090085737471e-06 -0.00053502536871802005
2 0 0 0
0 2.2610828650375983e-06 -3.4497450877941938e-07 -0.00037712961506226569
2 0 0 0
0 2.2034864628364416e-06 -7.3399308988190154e-08 -0.00035301452205578637
2 0 0 0
0 5.9704241601689797e-07 2.4095270829928498e-06 -0.00042028843892631803
2 0 0 0
0 2.330134469566964e-06 4.7950551003925733e-07 -0.0004833448504729769
2 0 0 0
0 1.2586144654220153e-06 -4.5875643430017042e-07 -0.00016692965704537014
2 0 0 0
0 1.2414879969955438e-06 -3.6263834733462652e-07 -0.00016274040263680438
2 0 0 0
2 0 0 0
2 0 0 0
0 1.47493872308026e-06 1.9580930744614691e-06 -0.0004873125687799249
2 0 0 0
0 6.7788937127438858e-07 2.4081748175060701e-06 -0.00041120939377050774
2 0 0 0
0 2.133001832511682e-06 -4.1358704845189894e-08 -0.0003320083404326711
2 0 0 0
0 7.0996200354371934e-07 2.3902582109140528e-06 -0.00040668277478070938
2 0 0 0
0 1.4907191512539329e-06 1.9533633459591095e-06 -0.00048448621366757323
2 0 0 0
2 0 0 0
2 0 0 0
0 1.9929823379282672e-06 1.3771611602111501e-06 -0.00049068006369428104
2 0 0 0
2 0 0 0
2 0 0 0
0 2.1492696470293544e-07 2.1332441798061365e-06 -0.00029820457181382106
2 0 0 0
0 2.0286094483180749e-07 2.1407424749453953e-06 -0.00029964221434497626
2 0 0 0
0 2.331469661549624e-06 4.7678544811063481e-07 -0.00042951249106316962
2 0 0 0
0 2.2847274088110519e-07 2.1247172498547828e-06 -0.00029657485076268911
2 0 0 0
0 1.2184109400509856e-06 2.2063093224988839e-06 -0.00046993797775529293
2 0 0 0
0 1.8192473465643314e-07 2.1078419492912535e-06 -0.00029336043259661754
2 0 0 0
0 2.3311091203702903e-06 5.0788483513145145e-07 -0.00043452767203030985
2 0 0 0
0 2.0689537530790146e-07 2.0916733248170878e-06 -0.00029029111717931131
2 0 0 0
0 1.4838217857164728e-06 1.9554381824162241e-06 -0.00048572274030647965
2 0 0 0
0 1.4457612107698863e-06 1.9842928633957976e-06 -0.00048648079144274789
2 0 0 0
0 1.0541471382976102e-06 -2.5317046458537655e-07 -0.00013308133549702771
2 0 0 0
0 1.3987320556937013e-06 2.051961449016007e-06 -0.00047691897552368272
2 0 0 0
0 1.4193455513919843e-06 2.0275543839924229e-06 -0.00047916431212087171
2 0 0 0
0 1.4408610054666061e-07 1.9879375303452985e-06 -0.00027094185672019492
2 0 0 0
0 2.3234738068127653e-06 6.0061148256432644e-07 -0.00044119306958751472
2 0 0 0
0 1.6737717052497587e-07 1.9798263109549395e-06 -0.00026886279966698994
2 0 0 0
0 1.6827789699888095e-07 2.0252406705603581e-06 -0.00027754087925704695
2 0 0 0
0 1.5631420548705647e-07 2.0307884106012327e-06 -0.00027875921499356289
2 0 0 0
0 2.3293654021091217e-06 5.7117346189596615e-07 -0.00043970854487004104
2 0 0 0
0 1.7992469693238835e-07 2.0169688168634809e-06 -0.00027600366888524757
2 0 0 0
0 5.3141600130564721e-07 2.3339339906852129e-06 -0.00037684514274520785
2 0 0 0
2 0 0 0
2 0 0 0
0 2.0591473296761681e-06 1.340032086949525e-06 -0.00046824487370046477
2 0 0 0
0 3.9188044977999687e-08 6.2189599805805312e-07 -7.1625516020243645e-05
2 0 0 0
0 9.5082367334837964e-07 2.2994875641779332e-06 -0.000407225441073544
2 0 0 0
0 8.1965065746967745e-07 2.3366545257607382e-06 -0.00039456787999914318
2 0 0 0
0 2.0202928627852153e-06 -2.7290437775623373e-08 -0.00029919815508637379
2 0 0 0
0 1.0636754432297145e-06 2.199411873538673e-06 -0.00036509308534728369
2 0 0 0
0 1.0877048640165424e-06 2.2504942042319587e-06 -0.00039383664698071006
2 0 0 0
0 1.3581274600328416e-08 6.1655569984362298e-07 -7.2003340979194934e-05
2 0 0 0
0 2.1368168613163838e-06 1.293275965269306e-06 -0.00044183752508342655
2 0 0 0
0 5.3333476341726507e-08 5.7302747279177048e-07 -6.5733304037301902e-05
2 0 0 0
0 4.8605151284787097e-08 9.0581623383237492e-07 -0.00010698206022469899
2 0 0 0
0 1.1045358974587514e-08 8.9862582449818331e-07 -0.00010746246018479612
2 0 0 0
0 2.1591547396526493e-06 1.2115112404736368e-06 -0.00045950988034430335
2 0 0 0
0 7.8581282225411771e-08 8.79679273147075e-07 -0.00010317960944037152
2 0 0 0
0 7.0367788300313557e-07 2.2630173578979934e-06 -0.00036103247911257802
2 0 0 0
0 -8.7741165020002356e-09 8.9486971458416584e-07 -0.00010771158130158949
2 0 0 0
0 2.1179611496271566e-06 1.2316393154900143e-06 -0.00047271352399144321
2 0 0 0
0 6.6345467269525715e-08 9.0925053398855992e-07 -0.00010675078137918518
2 0 0 0
0 1.3307710533696009e-06 2.1574300573546446e-06 -0.00045380836677487234
2 0 0 0
0 8.9035998740542575e-07 2.3206016037323179e-06 -0.00041308281913293124
2 0 0 0
0 2.0369204543808148e-06 -4.9802737123287338e-08 -0.00030437315838525904
2 0 0 0
0 1.0681928882222274e-06 2.2351911643411302e-06 -0.00037486176658423851
2 0 0 0
0 1.4353900447676015e-06 2.0924184043155354e-06 -0.00043461175330831336
2 0 0 0
0 1.067760547354746e-08 6.8659284801616659e-07 -8.0902418154267023e-05
0 -4.6572032537954951e-07 -3.8100426299900393e-07 -9.5096590422779175e-05
0 2.1352835646915759e-06 1.277443788387708e-06 -0.0004487313049637969
2 0 0 0
0 5.9154956708942293e-08 6.5685989483178382e-07 -7.5907242896342569e-05
2 0 0 0
0 2.0158073376868491e-07 1.7001086887854765e-06 -0.00021650416039665653
2 0 0 0
0 1.3307226169065815e-07 1.7446448383316532e-06 -0.00022388340691499191
2 0 0 0
0 2.2877342282963432e-06 7.6774908168905276e-07 -0.00043734508569627544
2 0 0 0
0 2.6640375664788367e-07 1.6520990397622168e-06 -0.00020882749081679912
2 0 0 0
0 2.2834925056129931e-06 4.1844571170723826e-07 -0.00037410457827151238
2 0 0 0
2 0 0 0
2 0 0 0
2 0 0 0
2 0 0 0
0 1.8511392661630709e-06 1.7019064628332163e-06 -0.00043703084491509653
0 -4.6045531840608977e-07 -3.3132528810497867e-07 -7.696347266621376e-05
0 1.1944863935494299e-06 -2.2787846652037169e-07 -0.00015501632751980279
2 0 0 0
2 0 0 0
2 0 0 0
2 0 0 0
2 0 0 0
0 1.8449891677864338e-06 1.70730335772714e-06 -0.00043369008630829019
0 -2.8708336670334088e-07 -4.8558933836228894e-07 -9.1020664553037903e-05
0 2.294863890779681e-06 6.4764268586456991e-07 -0.00039705584559546398
2 0 0 0
0 2.2456583790807102e-06 3.1892193429285675e-07 -0.00036336446607155995
0 -4.7932549839851647e-07 -3.6421949129403618e-07 -9.1773636340551748e-05
0 2.2334099750829266e-06 3.4654689959581252e-07 -0.00036002295335297316
2 0 0 0
0 5.9348534856759468e-07 1.9736389528809413e-06 -0.00027446944823481862
2 0 0 0
0 2.2819971364020485e-06 7.1933391299521461e-07 -0.00040602281951112131
2 0 0 0
0 1.3388936479457042e-06 -2.3279645852873717e-07 -0.00017732008440505729
2 0 0 0
0 1.3319941437373677e-06 -2.1986037583880293e-07 -0.00017630779525026574
2 0 0 0
0 1.551676386893145e-06 2.0233416174636695e-06 -0.00041749604759614307
2 0 0 0
0 2.2823491346963791e-06 4.2107519801048463e-07 -0.00037379130597571124
2 0 0 0
0 8.2722317721282635e-07 -2.1512640339440993e-07 -9.7817745088339323e-05
2 0 0 0
0 8.2001884045948227e-07 -2.0399550319642042e-07 -9.6784951793731354e-05
0 -2.1151129632613236e-07 -6.0395807961253149e-07 -0.0001078218572673334
0 1.7880394371633125e-06 1.7750635608781065e-06 -0.00043264530372303642
2 0 0 0
0 2.0913769894679241e-06 9.4451385730953961e-08 -0.00031871828235791538
2 0 0 0
0 8.2385610421566123e-07 -2.0984981197897749e-07 -9.7334293176707561e-05
2 0 0 0
0 8.1661427154069918e-07 -1.9894096146509004e-07 -9.6298977735340084e-05
0 -2.3005019239565233e-07 -6.1933014015421082e-07 -0.00011429109764568942
0 1.7823910052983171e-06 1.7802427347034339e-06 -0.00042951330060214134
0 -3.4197103666936645e-07 -5.2084359229666514e-07 -0.00011310663350774475
0 2.0985323475025015e-06 1.3670426866006944e-06 -0.00043554579604955274
2 0 0 0
0 2.2876806504152922e-06 4.0877027411821982e-07 -0.00037525324805276966
2 0 0 0
0 2.2754785627350264e-06 4.3676869120479253e-07 -0.00037191168372915841
2 0 0 0
0 5.9058031008841293e-07 1.9603958911354316e-06 -0.0002722639235949752
0 -3.2501054857217213e-07 -5.2273666015552614e-07 -0.00010667440380337601
0 2.1019108110393562e-06 1.3555478639181319e-06 -0.00043814770121042171
2 0 0 0
0 2.0463306931980165e-06 2.0218328977098008e-08 -0.00030594131722412924
2 0 0 0
0 2.0411083804276972e-06 4.406552927013601e-08 -0.00030405973352526432
2 0 0 0
0 9.4808041101801296e-07 2.0430651810115762e-06 -0.00031593108062833277
0 -4.0728603080643819e-07 -4.4494974234869974e-07 -0.00010684702136792378
0 2.1136295579060491e-06 1.2437592818100592e-06 -0.00040171455321079955
2 0 0 0
0 1.7278451613438007e-06 -1.086467751527069e-07 -0.00023941894833306892
2 0 0 0
0 1.6069326522657448e-06 7.07342730750884e-08 -0.00022338949352691066
2 0 0 0
0 1.2671447394049668e-06 2.1167911852475465e-06 -0.00037871691785063303
2 0 0 0
0 1.9802928230097284e-06 2.0012286582429605e-07 -0.0002883564239232584
2 0 0 0
0 1.6741347661869388e-06 -1.6325374713017263e-08 -0.00023276969786532951
2 0 0 0
0 1.5189785761385413e-06 1.5523766908074447e-07 -0.00020992617425670616
0 -9.9570384980994928e-08 -6.8365601248567578e-07 -0.00010087302795952621
0 1.2020202364836018e-06 2.0794824665663888e-06 -0.0003433834008032749
0 -3.4917529419259886e-07 -5.0914222721316092e-07 -0.00010947551754461409
0 2.0305287837655223e-06 1.5050424559181546e-06 -0.00040386227375378603
0 -4.2498189720753899e-07 -4.2562344266173556e-07 -0.00010120150107935913
0 2.2068519670467087e-06 1.0754464064663995e-06 -0.00041910476423614676
0 -3.7288436765223543e-07 -4.7181602865257672e-07 -0.00011410037298908468
0 2.0258797158366443e-06 1.3447796906427992e-06 -0.00037500684492581128
2 0 0 0
0 1.0630019499710545e-07 8.418003309267476e-07 -9.8978368323112325e-05
0 -3.5389270488011786e-07 -4.8974131685211461e-07 -0.0001030166068947081
0 2.0308957783076666e-06 1.4904247323233553e-06 -0.00042968296006953898
2 0 0 0
0 2.0713784601013661e-06 1.4360376037446021e-07 -0.0003134440927358778
2 0 0 0
0 1.980233271765103e-06 3.693949890640063e-07 -0.0002901766808130721
0 -8.3220515379258369e-08 -7.2980474094499509e-07 -0.00010501165820780895
0 9.1308455562405129e-07 2.0928197636152757e-06 -0.00032592901925224918
2 0 0 0
0 2.2074506900198838e-06 5.6178691708650296e-07 -0.00035507868908121293
2 0 0 0
0 1.3289314401251023e-06 -2.0063656316993482e-07 -0.00017592871589424197
2 0 0 0
0 1.2334791833673164e-06 -5.7341485588734958e-08 -0.00016391457276885695
0 -1.2000222708928256e-07 -7.2831480925055871e-07 -0.000121939710889467
0 1.530174520823552e-06 2.016859562835729e-06 -0.00040534831601130429
0 5.7921603607100491e-07 -5.0516922010821417e-07 -8.4357712430032576e-05
0 1.6540993839674562e-06 1.5981122023159828e-08 -0.0002302722174077411
2 0 0 0
0 1.1698758861675567e-06 -1.4931430635176541e-07 -0.00015205712650465643
2 0 0 0
0 1.0652279730167614e-06 -2.5194508892805126e-08 -0.00013865370439120568
0 -1.3626608210781511e-07 -8.082310033239222e-07 -0.00014413436608632486
0 1.5304739131267216e-06 1.9631572009512949e-06 -0.00037817858914411382
2 0 0 0
0 2.1013431384875243e-06 1.2018871653662109e-06 -0.00038646328832059806
2 0 0 0
0 2.2803735036113167e-06 6.9162660415273097e-07 -0.00039087328015037742
2 0 0 0
0 2.1788023756152335e-06 9.1940634091540932e-07 -0.0003556284247897421
2 0 0 0
0 3.8036421881673363e-07 1.6446991171512998e-06 -0.00021193878588874682
2 0 0 0
0 2.178801238289503e-06 1.1111666084852707e-06 -0.00041020307555524196
2 0 0 0
0 1.7076555738862542e-06 -7.2974418867294078e-08 -0.00023692730283227161
2 0 0 0
0 1.5990683125569461e-06 2.3820400242521834e-07 -0.00022242109398170037
0 -1.0426592118795683e-07 -7.5728592688642264e-07 -0.00011623399698483504
0 1.109069550827195e-06 2.0398257136969035e-06 -0.00032754413719532659
2 0 0 0
0 2.1108282640357848e-06 8.7743333125965557e-07 -0.00033711314472391958
2 0 0 0
2 0 0 0
2 0 0 0
2 0 0 0
0 -2.4192171091606809e-07 -6.2001380207841649e-07 -0.00011677471185737249
0 1.7311083721382005e-06 1.7872260623288558e-06 -0.00037892993280365785
2 0 0 0
2 0 0 0
2 0 0 0
2 0 0 0
2 0 0 0
2 0 0 0
0 -1.9443092074973658e-07 -7.2059915984997644e-07 -0.00013723593618896374
0 1.7236390204380223e-06 1.7927457296107251e-06 -0.00037645369132789164
2 0 0 0
0 2.0629286663463033e-06 7.5351402312938472e-07 -0.00032043783980596822
2 0 0 0
0 2.0291081150777395e-06 6.3550241360746922e-07 -0.00030894289064966381
2 0 0 0
0 2.0173225587773289e-06 6.5350031615326135e-07 -0.00030619492359777387
2 0 0 0
0 6.3028633098653895e-07 1.8445823718766814e-06 -0.00025546070165347729
2 0 0 0
0 2.0688389670823426e-06 7.439820636433582e-07 -0.00032181257325346405
2 0 0 0
2 0 0 0
2 0 0 0
2 0 0 0
2 0 0 0
0 1.6453326026580688e-06 1.8525982362676144e-06 -0.00037346427445351948
2 0 0 0
0 1.9857931831928983e-06 5.7957934965531284e-07 -0.0002961705943224811
2 0 0 0
2 0 0 0
2 0 0 0
2 0 0 0
2 0 0 0
0 1.6697533919563933e-06 1.8430987390760284e-06 -0.00037574176622891513
2 0 0 0
0 1.603493508775375e-06 2.3158814619305479e-07 -0.00022309484614740642
2 0 0 0
2 0 0 0
2 0 0 0
2 0 0 0
2 0 0 0
0 1.6596128575809133e-06 1.840023786283772e-06 -0.00037261351424377809
2 0 0 0
0 2.0095583777308745e-06 1.3644969832690022e-06 -0.00037056237819318045
2 0 0 0
0 2.0597647635421578e-06 7.1468906914413109e-07 -0.00031878964600155649
2 0 0 0
0 2.0479535590377776e-06 7.3346714872846495e-07 -0.00031604058127121347
2 0 0 0
0 5.5145068000298045e-07 1.7543492397876327e-06 -0.00023871188642528442
2 0 0 0
0 2.0168098488496609e-06 1.3555048865402441e-06 -0.00037249088102499423
2 0 0 0
0 1.4645448652823768e-06 2.6156352069252639e-07 -0.00020168546859660591
2 0 0 0
0 1.3516169064130639e-06 3.8126889707280592e-07 -0.00018081326612072349
2 0 0 0
0 1.086009450698716e-06 1.9417953927439274e-06 -0.00030196470179601843
2 0 0 0
0 1.9669944241732162e-06 1.2210637694743429e-06 -0.00032933895689633743
2 0 0 0
0 1.4564185683539316e-06 1.7413883751315433e-07 -0.00020029232351209236
2 0 0 0
0 1.3724095055893931e-06 3.1919495703155952e-07 -0.00018605591053420006
2 0 0 0
0 1.2038654923506051e-06 2.0514008503896952e-06 -0.00033644336108009314
2 0 0 0
0 1.4437413001079903e-06 2.9880350581544842e-07 -0.00019816792136271777
2 0 0 0
0 1.4246702200932143e-06 2.5672214215579776e-07 -0.00019552233585108447
2 0 0 0
0 1.3109425265838316e-06 3.7126077782205502e-07 -0.00017449935543120535
2 0 0 0
0 1.0855876549816461e-06 1.9185463776211224e-06 -0.00029635651110082248
2 0 0 0
0 1.8509782950494624e-06 1.4213849467628587e-06 -0.00033587620934866929
2 0 0 0
0 2.0253814713018897e-06 1.2649459871707106e-06 -0.00036150924414454571
2 0 0 0
0 1.806221268469954e-06 1.3627808213579795e-06 -0.00031514001990127051
2 0 0 0
0 1.4692091977294538e-07 9.9518745436247381e-07 -0.00011777923662929145
2 0 0 0
0 1.9646456110175071e-06 1.3809890328033866e-06 -0.00036060558478440569
2 0 0 0
0 1.5841733398397899e-06 2.7549051082237279e-07 -0.00022017561800165901
2 0 0 0
0 1.4736282085652732e-06 4.1061378399272405e-07 -0.00019975808265996757
2 0 0 0
0 1.065738461069252e-06 1.9879195588457265e-06 -0.00031171725232544888
2 0 0 0
0 1.9151876212789938e-06 7.1089092285197617e-07 -0.00028034817047709602
2 0 0 0
2 0 0 0
2 0 0 0
2 0 0 0
2 0 0 0
0 1.6038198349169356e-06 1.8432207872771535e-06 -0.00036150449605597815
2 0 0 0
0 1.1933506884201469e-06 2.0817905649693426e-07 -0.00015973458835622661
2 0 0 0
2 0 0 0
2 0 0 0
2 0 0 0
2 0 0 0
0 1.4920170383629473e-06 1.8194980929980201e-06 -0.00033033340854744629
2 0 0 0
0 1.9140017004179689e-06 1.2355674505934715e-06 -0.00031883002721980647
2 0 0 0
0 2.0427330576563479e-06 7.9376210481425393e-07 -0.00031590235726273617
2 0 0 0
0 1.8340665456067373e-06 9.1840287781010985e-07 -0.0002798466834848876
2 0 0 0
0 4.9802382483998908e-07 1.6455461702534481e-06 -0.00021974198120318987
2 0 0 0
0 5.2570148658063197e-07 1.5602797444886964e-06 -0.00020874338725296028
2 0 0 0
0 5.1888888741513375e-07 1.5696494294826248e-06 -0.00020973711076656079
2 0 0 0
0 1.7520290790955526e-06 8.6947722012759456e-07 -0.0002605213187878828
2 0 0 0
0 5.3251628611765021e-07 1.5509119049658084e-06 -0.00020774968169199194
2 0 0 0
0 1.206169120064495e-06 1.8910486840041879e-06 -0.00029743969523015799
2 0 0 0
0 8.752994223627029e-08 7.0119162746471866e-07 -8.1877197953236663e-05
2 0 0 0
0 1.744818489107759e-06 1.4552143652028379e-06 -0.0003127734993694892
2 0 0 0
0 9.1187356270801915e-08 6.946656846559146e-07 -8.1172310508179215e-05
2 0 0 0
0 1.5051904118123714e-06 1.7515923385181337e-06 -0.00031653598030552881
2 0 0 0
0 9.6923716000088524e-07 1.8732544012700134e-06 -0.00027688157175485319
2 0 0 0
0 1.318099078372689e-06 4.0517616132762009e-07 -0.00017464917341228667
2 0 0 0
0 1.046225258109263e-06 1.8629798640299839e-06 -0.00028041182597271356
2 0 0 0
0 1.5075151979523985e-06 1.7396142413428238e-06 -0.0003140995835189238
2 0 0 0
0 1.2075892456084602e-07 8.3366276914480102e-07 -9.8172707701609562e-05
2 0 0 0
0 1.7606339782267051e-06 1.3788052831445022e-06 -0.00030623248250835665
2 0 0 0
0 1.2562915105532619e-07 8.2740142154269145e-07 -9.7477959714658752e-05
0 -1.0352278795637378e-07 -8.042135035292079e-07 -0.0001117529340590289
0 5.4746903194027396e-07 1.5802265129989184e-06 -0.00021272589729278075
0 -8.8562635647783676e-08 -7.8418755516130737e-07 -0.00010930275892294374
0 5.4048632688566305e-07 1.5894535310900759e-06 -0.00021371823291065973
0 5.7722575523405129e-07 -4.144458022873136e-07 -0.00013055614642592525
0 1.7456058114574417e-06 8.4763765230090024e-07 -0.00025778042670065527
0 -1.190670705625104e-07 -8.2432871740449145e-07 -0.00011420134852863994
0 5.5445393736509738e-07 1.571001340377892e-06 -0.00021173357962751498
0 -8.8814583056557979e-08 -9.1016285160932587e-07 -0.00015798252318995095
0 1.2499696528631072e-06 1.8950952180255938e-06 -0.00030154648911512267
2 0 0 0
0 4.5390961472560701e-07 1.5166793026963279e-06 -0.00019825129103207567
0 5.375390705872977e-07 -3.2752963339763158e-07 -0.00013346744906374972
0 1.7793265704728332e-06 9.4345939716169694e-07 -0.00027033353352927142
0 -1.2947023629522959e-07 -7.7808630129529578e-07 -0.00010541107616392486
0 4.6651445274691801e-07 1.4970841619612287e-06 -0.00019625551887449729
0 -9.5291538067411126e-08 -8.3572830588076071e-07 -0.00016139234510411716
0 1.4557226358877707e-06 1.7829151907935379e-06 -0.00031367768172725174
0 -1.3047654582293166e-07 -8.0517367347480467e-07 -0.00015454093216642228
0 1.4382198326167281e-06 1.8051561699086497e-06 -0.00031492066154991836
2 0 0 0
2 0 0 0
0 -7.1313048554224259e-08 -9.0975253373188309e-07 -0.00016906873422361556
0 1.4415509371518848e-06 1.7816481837649497e-06 -0.00031033622791296165
0 -7.0530387200865404e-08 -8.9679792011946098e-07 -0.00016840836226543054
0 1.457519376354582e-06 1.7712818423294165e-06 -0.00031138524834380311
0 -1.0327783513766992e-07 -7.8861462793559561e-07 -0.00010905709230023463
0 4.6021093354856422e-07 1.5068808095919531e-06 -0.00019725339597695293
0 5.6683412733170439e-07 -3.8327333385778813e-07 -0.00013959734112219905
0 1.7643892947027171e-06 9.3103663588501388e-07 -0.00026670496700426479
0 -1.3456873679644318e-07 -8.2887597656283879e-07 -0.0001139533113615959
0 6.4526002747659901e-07 1.2374153516724081e-06 -0.00016070816365919185
0 -1.1219457150970401e-07 -8.1551732749324532e-07 -0.0001131303838426905
0 6.7471314309042776e-07 1.4180927776281003e-06 -0.0001898636504526392
0 -9.6905845918157657e-08 -7.9544116727568813e-07 -0.00011068119908150564
0 6.2954503186837516e-07 1.4953137918215538e-06 -0.00020324480641574011
0 5.7680616702491257e-07 -4.0705520142805874e-07 -0.000136424311752712
0 1.5979902049814762e-06 7.1835067377486667e-07 -0.00021986396062598879
0 -1.2806742744190965e-07 -8.3568275321023052e-07 -0.00011557780793744491
0 7.2308615972892033e-07 1.3414035394159349e-06 -0.00017645426977849879
0 -7.8103239143740765e-08 -8.8827586707429575e-07 -0.00012848716664551251
0 9.182414971898344e-07 1.6679220496772469e-06 -0.00022661676572389858
2 0 0 0
0 1.1216344709104556e-07 6.9238226022528647e-07 -8.1263727005640894e-05
2 0 0 0
0 1.706329939750984e-06 1.3442167911440763e-06 -0.00028824362249080189
2 0 0 0
2 0 0 0
0 -9.4227122384138924e-08 -8.8976906333300226e-07 -0.0001413316108427154
0 1.1338819886256062e-06 1.7735233201946572e-06 -0.00026744116145968361
0 -9.5641467633387643e-08 -8.7687973075281364e-07 -0.00013886164223666459
0 1.1021556043103333e-06 1.8027786454618156e-06 -0.00027027440481716046
2 0 0 0
0 1.1062213488551605e-06 3.342826787396283e-07 -0.00014221086150123543
0 -8.9947486648175215e-08 -9.5561172713145897e-07 -0.00014781623266450303
0 1.1144022749114973e-06 1.5324556442296073e-06 -0.00022842785991401441
0 -9.1171352425870427e-08 -9.2910033918088853e-07 -0.00014580850050021984
0 1.1314941403692147e-06 1.6241248501901059e-06 -0.0002443446436416277
2 0 0 0
2 0 0 0
2 0 0 0
0 1.6020415117586207e-06 1.1225823996969527e-06 -0.0002496189139537489
0 -3.4604319341765314e-07 -6.4378774541000058e-07 -5.6773681536834652e-05
2 0 0 0
0 -3.1773735652917751e-07 -6.4626690202833035e-07 -7.1261086834566157e-05
2 0 0 0
2 0 0 0
2 0 0 0
0 2.8694568278158982e-07 -8.3162308100347176e-07 -0.00019217732356664678
0 1.7174415603186638e-06 1.217670526071256e-06 -0.00027306787447494883
0 -3.4791010299491722e-07 -6.886926453508641e-07 -7.2104040786015542e-05
2 0 0 0
0 -1.4393104289899663e-07 -1.0526978058023459e-06 -0.00015230897231753517
0 8.1413362712006933e-07 1.6392600855356972e-06 -0.00022393319362680678
2 0 0 0
0 1.1893442098934446e-07 7.3717093117375633e-07 -8.6661216333871514e-05
2 0 0 0
0 1.721578505998914e-06 1.3470999848036997e-06 -0.00029223249116134544
0 -3.3809377405025553e-07 -6.6975974908768498e-07 -7.2452907848019149e-05
2 0 0 0
0 -6.0118408027344335e-08 -1.0803635315182794e-06 -0.00017849409104584736
0 1.2592115634129773e-06 1.7776118431180626e-06 -0.00028200959183317194
0 -8.6178456638073101e-08 -1.0279197290948089e-06 -0.00016074625110983827
0 1.0429011547420986e-06 1.8110563312310992e-06 -0.00026810272500914852
2 0 0 0
0 1.2194141692441248e-06 3.866183561044106e-07 -0.00015908225371924438
0 -1.3374474634511774e-07 -1.2787611643660835e-06 -0.00019191710092107738
0 1.0812627070800616e-06 1.5586445323785288e-06 -0.00022920562541289377
0 -8.0577757879073504e-08 -1.2257907778482312e-06 -0.00019318317524649137
0 1.2747818065095091e-06 1.6476310669250239e-06 -0.00026023735638234087
2 0 0 0
2 0 0 0
0 2.7771759072863423e-07 -1.0231677405700759e-06 -0.00020743256130757815
2 0 0 0
0 -3.602954114832009e-07 -7.0830685500279674e-07 -7.1707347182587146e-05
2 0 0 0
0 -2.9084422121540264e-07 -7.648312984112346e-07 -9.3203523319971106e-05
2 0 0 0
0 -2.3070025556452644e-07 -7.128457880357765e-07 -8.7578316546638247e-05
2 0 0 0
0 3.8917555069766546e-07 -5.5431155265520636e-07 -0.00018330378731176337
2 0 0 0
0 -3.518918681651024e-07 -8.160563796039588e-07 -9.8430556747583804e-05
2 0 0 0
0 -1.0360991458448853e-07 -1.1208437042450516e-06 -0.00016645315106334245
2 0 0 0
2 0 0 0
2 0 0 0
0 2.2762302403480411e-08 -9.5903631736253897e-07 -0.00018243796203380494
2 0 0 0
2 0 0 0
2 0 0 0
0 -6.6952675454396796e-08 -1.0382644965256253e-06 -0.00017119593137038524
2 0 0 0
0 -1.1637624477952185e-07 -9.5506978215429832e-07 -0.0001370832119368141
2 0 0 0
0 6.5903406943083906e-07 -5.5464527802848146e-07 -0.00014003239844576307
2 0 0 0
0 -2.3185095926633759e-07 -1.1259597740380541e-06 -0.0001598796047273357
2 0 0 0
0 -7.2098009863255264e-08 -1.1770389513594161e-06 -0.0001882835893210185
2 0 0 0
2 0 0 0
2 0 0 0
0 6.4578236586963637e-08 -1.3133524675335033e-06 -0.00022892150433534195
2 0 0 0
2 0 0 0
2 0 0 0
0 -4.1621277336392008e-07 -9.4870962741621516e-07 -0.00011733348829053727
2 0 0 0
0 -3.9177602136106611e-07 -9.2253222328470827e-07 -0.00011436025240558188
2 0 0 0
0 4.3447249884722216e-07 -6.8862626412884138e-07 -0.00019918362278147786
2 0 0 0
0 -4.2975654243054987e-07 -9.6842417701771236e-07 -0.00011883754537688284
2 0 0 0
0 -9.0263732574811964e-08 -1.3631499807569893e-06 -0.00021330645218628838
2 0 0 0
0 -3.97024487584215e-07 -8.5998496057167619e-07 -0.00010177548111269164
2 0 0 0
0 3.7875605192893585e-07 -8.2110662408274798e-07 -0.00020453505855265694
2 0 0 0
0 -4.1750671835213329e-07 -8.9554180489947092e-07 -0.00010392749981016114
2 0 0 0
0 -8.498437723408799e-08 -1.3588306153896707e-06 -0.0002138343388404247
2 0 0 0
0 -8.4933015963982771e-08 -1.3311726332774674e-06 -0.00020922661797849294
2 0 0 0
2 0 0 0
2 0 0 0
0 -1.0429993252626915e-07 -1.4338841089192466e-06 -0.00022228657201871625
2 0 0 0
0 -9.4548650310146682e-08 -1.4101665312916679e-06 -0.00022036408434152822
2 0 0 0
0 -4.1637308911578045e-07 -9.3204673494132873e-07 -0.00011401696009673245
2 0 0 0
0 4.1839088155285591e-07 -8.2645638711705543e-07 -0.00020974948423500695
2 0 0 0
0 -4.374400369284623e-07 -9.668692479041587e-07 -0.00011616714083261972
2 0 0 0
0 -4.2523203893674606e-07 -9.6070139589410431e-07 -0.00011836692964250538
2 0 0 0
0 -4.0544511386978709e-07 -9.3721613896146497e-07 -0.00011603346292176161
2 0 0 0
0 3.9128759554828513e-07 -8.4887210507222795e-07 -0.000208616145368861
2 0 0 0
0 -4.2695352388407959e-07 -9.2345819439924072e-07 -0.00010827562152640966
2 0 0 0
0 -3.0075582768050278e-07 -1.2166071117284259e-06 -0.0001717095332696302
2 0 0 0
2 0 0 0
2 0 0 0
0 6.6334912920696891e-08 -1.2880439789261836e-06 -0.00022533114289973214
2 0 0 0
2 0 0 0
2 0 0 0
0 -2.815874240742652e-07 -1.2126774170029159e-06 -0.00017221941106145927
2 0 0 0
0 -2.8797759312200034e-07 -1.2023986866226376e-06 -0.00017002741969513217
2 0 0 0
0 6.7753729282161766e-07 -5.859558662975798e-07 -0.00016786382181576838
2 0 0 0
0 -3.3430597057167161e-07 -1.2533950454519038e-06 -0.00017599932695304508
2 0 0 0
0 -9.9131796001503068e-07 -1.8045488601571875e-06 -0.00031813627679672503
2 0 0 0
2 0 0 0
2 0 0 0
0 -2.8650551040091891e-07 -2.0574377114117564e-06 -0.00042354269948981861
2 0 0 0
2 0 0 0
2 0 0 0
2 0 0 0
2 0 0 0
2 0 0 0
2 0 0 0
0 8.9410825602418547e-08 -1.8725169190228118e-06 -0.00034017437167319651
2 0 0 0
2 0 0 0
2 0 0 0
0 -6.7634918794061538e-07 -1.7381190197948095e-06 -0.00026825416675485352
2 0 0 0
2 0 0 0
2 0 0 0
0 1.2914887741312557e-07 -1.5910005565924347e-06 -0.00028425576182452487
2 0 0 0
2 0 0 0
2 0 0 0
0 -2.6792359188532178e-07 -1.7311669401639248e-06 -0.00027810618402430341
2 0 0 0
0 -4.6825135821639191e-07 -1.5924278014343097e-06 -0.00023002493757766419
2 0 0 0
0 8.7093218033401034e-07 -1.0129626138124932e-06 -0.00023800820866024173
2 0 0 0
0 -1.2134050668573367e-06 -1.7192196254133939e-06 -0.00033710389032441196
2 0 0 0
0 -6.1973904392571377e-07 -2.0031501077836276e-06 -0.00035962724240702843
2 0 0 0
2 0 0 0
2 0 0 0
0 -5.1148849596472341e-08 -2.0297845426332411e-06 -0.00039659982681881228
2 0 0 0
2 0 0 0
2 0 0 0
0 -8.542979919920427e-07 -1.2907811973839383e-06 -0.00019063920030022388
2 0 0 0
0 -5.7578543560779766e-07 -1.1843480866238177e-06 -0.0001433601552935068
2 0 0 0
0 4.2736775099884167e-07 -1.4586775480857392e-06 -0.00028824926813275295
2 0 0 0
0 -1.0495656902841939e-06 -1.153811335878456e-06 -0.00020422238446714372
2 0 0 0
0 -4.4719274146758089e-07 -1.8974060623734814e-06 -0.00031731629474364686
2 0 0 0
2 0 0 0
2 0 0 0
0 8.4887340204443155e-08 -1.4910526292423565e-06 -0.00026184723668246969
2 0 0 0
2 0 0 0
2 0 0 0
0 -6.1110978309071586e-08 -1.5888845691140343e-06 -0.00026024417649123327
2 0 0 0
0 -4.0598869823683114e-07 -1.4171882944825579e-06 -0.00020006977885775215
2 0 0 0
0 7.6090349233202776e-07 -7.6510214542493625e-07 -0.0002038778433975983
2 0 0 0
0 -1.4172285741531762e-06 -1.560985780263887e-06 -0.00035087803652697177
2 0 0 0
0 -6.2694684196688373e-07 -2.0508003540182977e-06 -0.00043676492602024781
2 0 0 0
2 0 0 0
2 0 0 0
0 -2.1796334893713851e-07 -2.062663187952354e-06 -0.00043773421777485702
2 0 0 0
2 0 0 0
2 0 0 0
0 -1.4151925592733346e-06 -1.275802867161092e-06 -0.00028559651323836906
2 0 0 0
0 -1.3915174234936598e-06 -1.2975570398121132e-06 -0.00028308805485580785
2 0 0 0
0 7.0980863440135549e-07 -1.6597919933639474e-06 -0.00035968865724602685
2 0 0 0
0 -1.4397800206154871e-06 -1.2547407419500577e-06 -0.00028810796128588229
2 0 0 0
0 -7.6965960045368959e-07 -2.0231712895972792e-06 -0.00042995774094532226
2 0 0 0
0 -1.2713625584111436e-06 -1.001980744493962e-06 -0.00022032089066329651
2 0 0 0
0 4.7529837971003074e-07 -1.8671674856559427e-06 -0.00039288508988570358
2 0 0 0
0 -1.3083032979038223e-06 -9.6280063192629065e-07 -0.00022380133782240604
2 0 0 0
0 -7.0330713728676518e-07 -2.0342040343538298e-06 -0.00043039798372641663
2 0 0 0
0 -9.2284177214392529e-07 -1.990025152404987e-06 -0.00041722364372894064
2 0 0 0
0 8.5633508890259436e-07 -7.7846589807995092e-07 -0.00015582550483183872
2 0 0 0
0 -9.8242143421183716e-07 -1.9706796210267681e-06 -0.00042915396867220922
0 1.2985989137257037e-06 1.3813684355098488e-06 -0.00022626187691410837
0 -7.3016897659790078e-07 -2.0341998267798056e-06 -0.00043716161061419325
0 1.4097391568645441e-06 1.3004808498915106e-06 -0.00023431730623343824
0 -1.2899570526219881e-06 -9.8133204981354352e-07 -0.00022211239436776441
0 5.2475610168009349e-07 1.0341703326061763e-06 -0.00012933936634267225
0 4.7717044699613383e-07 -1.886507393543953e-06 -0.00040228807225093375
0 1.5231339865814571e-06 8.196481252273981e-07 -0.00021537291598064482
0 -1.3274694654523961e-06 -9.4514450866181813e-07 -0.00022549301807313723
0 5.8434593492491936e-07 1.0119155165867587e-06 -0.00012491986692291754
0 -1.4062848836471589e-06 -1.1881119920998713e-06 -0.00027035286727757616
0 7.4673365792465261e-07 1.2637600134687317e-06 -0.00016346766825996276
0 -1.3798156349767572e-06 -1.2077466828474046e-06 -0.00026783525267567808
0 7.4166431491955005e-07 1.2930038224024345e-06 -0.00016817969285874251
0 6.5333150431789336e-07 -1.7312271782277332e-06 -0.00037355304083594307
0 1.4613163040703649e-06 6.46501265867849e-07 -0.00019738933837040842
0 -1.4336664578817335e-06 -1.169169348793764e-06 -0.00027287347154442978
0 7.406245684379402e-07 1.226058060759427e-06 -0.00015774967401177095
0 -1.3357854566798426e-06 -1.7034394191157678e-06 -0.00037351895838318643
0 9.9785459304182748e-07 1.4308044956037259e-06 -0.00020211524023325763
2 0 0 0
2 0 0 0
0 -3.0417209551614268e-07 -2.0637215800124494e-06 -0.00043517656776362432
0 1.5752950265493952e-06 1.2767811117899685e-06 -0.00025000203903670847
2 0 0 0
2 0 0 0
0 -1.2972919509966658e-06 -1.768174233021029e-06 -0.0003791926262875704
0 1.0735674418664003e-06 1.4802211202817581e-06 -0.0002167085210076056
0 -1.4085155972304127e-06 -1.5318870597999983e-06 -0.0003336905789523047
0 9.4708994141622981e-07 1.4788449378766018e-06 -0.00020239202402848354
0 1.0064958309178698e-06 -1.4443907919848275e-06 -0.00033084543209741055
0 1.252823122806626e-06 4.5640382689027514e-07 -0.00016317859393641225
0 -1.7030860637305447e-06 -1.3641759029775953e-06 -0.00038969701887724031
0 9.5800993512533495e-07 1.3644259942851563e-06 -0.00018887944000553313
0 -1.4501475654472768e-06 -1.6367350244247814e-06 -0.00042294858904683564
0 1.0876046223690154e-06 1.4281285785222369e-06 -0.00020993569991778168
2 0 0 0
2 0 0 0
0 -3.1745631409028599e-07 -2.0041898216976409e-06 -0.00048150653081030043
0 1.5064362338988029e-06 1.1877772841119755e-06 -0.00023495194699171259
2 0 0 0
2 0 0 0
0 -1.0476223049129789e-06 -5.0037732216527477e-07 -0.000144692335897432
2 0 0 0
2 0 0 0
2 0 0 0
0 9.4594096714153791e-08 -2.0434052399732843e-06 -0.00045381116393336632
0 1.5501216049086262e-06 1.1111646260150088e-06 -0.00024035586934183299
0 -1.0662492932410595e-06 -4.5365660379675721e-07 -0.00014672311353860335
2 0 0 0
0 -1.5032923082306004e-06 -1.5295596167135369e-06 -0.00038113705882167716
0 1.0419264457379828e-06 1.4656922776413584e-06 -0.00021154839857403198
2 0 0 0
2 0 0 0
0 1.1727134563502458e-08 -2.0540131201784553e-06 -0.00044682883187739534
0 1.587455255061407e-06 1.1542029517758643e-06 -0.00024817583243473047
0 -9.0912782775933597e-07 -3.9082225027435192e-07 -0.00012068842307916578
2 0 0 0
0 -9.4250510587888125e-07 -1.9477952802291932e-06 -0.00044505043026285416
0 1.3853455825515155e-06 1.4379816206728805e-06 -0.00024644586020908655
0 -1.3711100806765485e-06 -1.6878302886876636e-06 -0.00039045289659426228
0 1.1358074858729932e-06 1.3624736946157582e-06 -0.00020555749977236285
0 1.0538856096478603e-06 -1.2046757112785631e-06 -0.00027607828952730601
0 9.6495847028163336e-07 2.832449158856041e-07 -0.00012075991808001399
0 -1.5439812963605894e-06 -1.5391384714265422e-06 -0.00041879225049664326
0 1.0777768067513248e-06 1.1942369490958314e-06 -0.00018218181302695951
0 -1.0253529304727792e-06 -1.8730095792398283e-06 -0.00046350399462751011
0 1.3177168579725465e-06 1.1795697244182132e-06 -0.00020645991872240196
0 -8.9041644504168993e-07 -4.3236277313245847e-07 -0.00011869016315109047
2 0 0 0
0 -2.2513763137466856e-08 -2.0490939480908888e-06 -0.00047309241514065361
0 1.3806055141989781e-06 8.6560493474354884e-07 -0.0001999990829419897
0 -9.2679768239502633e-07 -3.5973002988289596e-07 -0.00012251250209396316
2 0 0 0
0 -1.6105938443062916e-06 -1.049943582026963e-06 -0.00028194791693194059
0 6.4915828749030116e-07 1.0519627924029992e-06 -0.00013092339555582572
0 -1.4957884214942303e-06 -1.0879558142083178e-06 -0.00026974522674841063
0 6.5687191135410697e-07 1.0944639183237369e-06 -0.00013739133867219128
0 6.3344179226283552e-07 -1.817227110870258e-06 -0.0004010033714849688
0 1.3905413886144594e-06 6.4678480488598803e-07 -0.00018711953856702371
0 -1.662482091218876e-06 -9.6305623593285379e-07 -0.00028726346427088959
0 5.9194647468970073e-07 9.5545460146317197e-07 -0.00011596057178050782
0 -1.2553034430425394e-06 -1.7599170738386749e-06 -0.00043208141669614857
0 1.144725268643845e-06 1.2831313361182524e-06 -0.0001979960979259833
2 0 0 0
2 0 0 0
0 -3.3550460223578207e-07 -2.0703584552477659e-06 -0.00044731784324297873
0 1.4834768758615817e-06 1.1614304184951746e-06 -0.00023046127289006336
2 0 0 0
2 0 0 0
0 -5.689018420392697e-07 -2.0675661216037356e-06 -0.00044933404295102839
0 1.4351508440742243e-06 1.2402682559553896e-06 -0.00022887323153419575
2 0 0 0
0 9.6036358729945865e-07 1.348494691605644e-06 -0.00018695061873618416
2 0 0 0
0 1.2160780012193026e-06 4.4057235539468051e-07 -0.00015748598064393418
2 0 0 0
0 9.5118715879819832e-07 1.2004670827798863e-06 -0.00016900930353493546
2 0 0 0
0 1.3865944584572364e-06 1.1567200382523336e-06 -0.00021418264702391718
2 0 0 0
2 0 0 0
2 0 0 0
0 1.3990079521025521e-06 1.1116446274834145e-06 -0.00021506033517724619
2 0 0 0
2 0 0 0
2 0 0 0
0 7.9481568623204175e-07 1.2137553493013926e-06 -0.00015649025301676635
2 0 0 0
0 7.9023711634848686e-07 1.258327221410908e-06 -0.00016301965392714744
2 0 0 0
0 1.3482132308465264e-06 5.6079270624897422e-07 -0.00017935629195376781
2 0 0 0
0 8.034900745234706e-07 1.1684934964890938e-06 -0.00014994037406350881
2 0 0 0
0 1.3985875541674582e-06 1.1892693329255266e-06 -0.00021703831009590982
2 0 0 0
0 5.340181179267764e-07 9.3798252132842884e-07 -0.00011367107049303084
2 0 0 0
0 1.4915552249170883e-06 8.3205832447367762e-07 -0.00021245849923085558
2 0 0 0
0 5.0652967503096436e-07 8.670531368754839e-07 -0.00010215617072411242
2 0 0 0
2 0 0 0
2 0 0 0
2 0 0 0
2 0 0 0
2 0 0 0
2 0 0 0
2 0 0 0
2 0 0 0
2 0 0 0
2 0 0 0
2 0 0 0
2 0 0 0
2 0 0 0
2 0 0 0
2 0 0 0
2 0 0 0
2 0 0 0
2 0 0 0
2 0 0 0
2 0 0 0
0 2.2602566657819419e-07 4.5125482550770165e-07 -3.6887432991033593e-05
2 0 0 0
2 0 0 0
2 0 0 0
2 0 0 0
2 0 0 0
2 0 0 0
2 0 0 0
2 0 0 0
2 0 0 0
2 0 0 0
2 0 0 0
2 0 0 0
2 0 0 0
2 0 0 0
2 0 0 0
2 0 0 0
2 0 0 0
2 0 0 0
0 -1.9731728423596818e-07 4.4947899374372788e-07 -8.7206061456725591e-05
2 0 0 0
2 0 0 0
2 0 0 0
2 0 0 0
2 0 0 0
2 0 0 0
2 0 0 0
2 0 0 0
2 0 0 0
2 0 0 0
2 0 0 0
0 -4.1747321214780391e-07 1.4336437805847689e-07 -7.9730656202419236e-05
2 0 0 0
0 -6.2590565890320028e-08 3.5265879342769737e-07 -4.0721015822229329e-05
2 0 0 0
0 -1.2375466415671175e-07 3.7800569366468309e-07 -7.5000564382896395e-05
2 0 0 0
2 0 0 0
2 0 0 0
2 0 0 0
2 0 0 0
0 -6.5460826331007344e-08 3.4183529953430419e-07 -4.0155568526761663e-05
2 0 0 0
2 0 0 0
0 4.7312900397242076e-07 5.2450591176855002e-07 -6.5763309891902003e-05
2 0 0 0
2 0 0 0
2 0 0 0
2 0 0 0
0 -1.8715742150205941e-07 5.4125390303119514e-07 -9.2178854302110645e-05
0 6.9719536639193876e-07 6.3353550998462636e-07 -9.1071888213877322e-05
2 0 0 0
2 0 0 0
2 0 0 0
2 0 0 0
0 -4.3694303474492708e-07 2.1904864180292385e-07 -9.0052234309430417e-05
2 0 0 0
2 0 0 0
2 0 0 0
2 0 0 0
0 5.3157139448958739e-07 4.448216824800961e-07 -6.0731182674235559e-05
2 0 0 0
2 0 0 0
2 0 0 0
2 0 0 0
2 0 0 0
2 0 0 0
2 0 0 0
2 0 0 0
2 0 0 0
2 0 0 0
2 0 0 0
2 0 0 0
0 -1.1538892229949255e-06 -4.286558898440165e-07 -0.00015983308651238543
2 0 0 0
0 -5.9552806341196475e-07 -1.9431229942645494e-06 -0.0004907682001267827
2 0 0 0
0 -1.5102190685977974e-06 -1.58833590678321e-06 -0.0004395678386398007
2 0 0 0
0 1.0887584936476477e-06 -1.1393957029054241e-06 -0.00026307987879356422
2 0 0 0
0 -1.5487413038131087e-06 -1.5330979100425141e-06 -0.00044646047590921994
0 6.5933317127560539e-07 5.774007048909825e-07 -8.3873831552650293e-05
0 -6.0964140423898538e-07 -1.9219431136752447e-06 -0.00049603203166702521
2 0 0 0
0 -1.143290403312662e-06 -4.3581670015162286e-07 -0.00015837928510503016
2 0 0 0
0 9.4872582027832084e-08 -1.9987579659332242e-06 -0.00048049838552627686
0 5.5300796369678012e-07 6.6795808161571776e-07 -8.4303849419923351e-05
0 -1.1644960549281612e-06 -4.2198680123580299e-07 -0.0001612838012215798
2 0 0 0
0 -1.7688122473061804e-06 -1.1300663411073599e-06 -0.00035785436909705279
0 5.2437714522935662e-07 4.6332617995484856e-07 -6.020330146581203e-05
0 -1.7530218060029723e-06 -1.0825346317131689e-06 -0.00033904706198088541
2 0 0 0
0 8.5555531709758521e-07 -1.7282489133785465e-06 -0.00039586754181992258
0 3.3277364170151698e-07 5.674878817217347e-07 -5.5278600156191909e-05
0 -1.7937375475026942e-06 -1.0339530298521291e-06 -0.00034378458105359334
2 0 0 0
0 -1.2835118551940474e-06 -1.6977651093440284e-06 -0.00046851055655964283
2 0 0 0
0 -1.7478259080273892e-06 -1.0440053003969205e-06 -0.00032715027114031187
2 0 0 0
0 8.0393362718680608e-07 -1.7591192275630056e-06 -0.00040092929827340528
2 0 0 0
0 -1.7899601373328329e-06 -9.9746574215291063e-07 -0.00033188876279681445
2 0 0 0
0 -7.0833627539862539e-07 -1.9023805902484865e-06 -0.00049121632783825334
2 0 0 0
0 -7.6518633274675808e-07 -1.9010166214523691e-06 -0.00048504473184411223
2 0 0 0
2 0 0 0
2 0 0 0
0 -9.0849135746462145e-07 -1.8322185396318396e-06 -0.00049306186162053906
2 0 0 0
0 -7.2315286386328743e-07 -1.8828956564923342e-06 -0.00049615151841103427
2 0 0 0
0 -1.774070495671445e-06 -9.53141083321107e-07 -0.00031293421262490521
2 0 0 0
0 7.4442386445484026e-07 -1.830264506198311e-06 -0.00042078736324938949
2 0 0 0
0 -1.8100477848673009e-06 -9.0909534312595745e-07 -0.00031717138562884319
2 0 0 0
0 -1.7821938514051794e-06 -1.0474835958471865e-06 -0.00034245209046406721
2 0 0 0
0 -1.7618502637543194e-06 -1.0717949586352669e-06 -0.00034008334072100271
2 0 0 0
0 8.6384860787900296e-07 -1.7378849544985045e-06 -0.00039964062130105481
2 0 0 0
0 -1.8027659686484693e-06 -1.0235012228055639e-06 -0.00034482099689972696
2 0 0 0
0 -1.7624346563967619e-06 -1.2878666047417374e-06 -0.00039666782813784423
2 0 0 0
0 -9.9108957312668574e-07 -3.6773864621304943e-07 -0.00013262988721258982
2 0 0 0
0 8.6900858086524395e-08 -1.9464040978830065e-06 -0.00049824689337211667
2 0 0 0
0 -1.2591659257969654e-06 -2.5257041747122097e-07 -0.00017274294980043837
2 0 0 0
0 -1.4946809468880232e-06 -1.4888250225291078e-06 -0.0004783185299171002
2 0 0 0
0 -1.5955678773319364e-06 -1.4405114221135555e-06 -0.00045610902712125409
2 0 0 0
0 1.1752488729302182e-06 -1.2227465372384528e-06 -0.00028817086625756582
2 0 0 0
0 -1.7367337994018097e-06 -1.1807096229963269e-06 -0.00048548921414654043
2 0 0 0
0 -1.5667107717549189e-06 -1.3539612195389799e-06 -0.00049412704078191758
2 0 0 0
0 -1.2248131709282617e-06 -3.1398897887972447e-07 -0.00016853862335686421
2 0 0 0
0 7.6441007793944894e-08 -1.8681181973586249e-06 -0.00052413247137622979
2 0 0 0
0 -1.2778922710111708e-06 -1.9107376857639429e-07 -0.00017398308029663401
2 0 0 0
0 -1.3439280968377616e-06 -3.2751864436785679e-07 -0.00018787082257705999
2 0 0 0
0 -1.3077318849684681e-06 -3.9702262778253646e-07 -0.00018360379414016819
2 0 0 0
0 1.5773249937561367e-07 -1.9117512719642339e-06 -0.000504620049452506
2 0 0 0
0 -1.3791706882091901e-06 -2.6219721077284244e-07 -0.00019210541560617657
2 0 0 0
0 -1.9029235195943748e-06 -1.0402664329317271e-06 -0.00040208427825156218
2 0 0 0
0 -1.2892761730276363e-06 -4.3334307551726955e-07 -0.00018145811663949901
2 0 0 0
0 1.6012858013331367e-07 -1.9499434131891018e-06 -0.00049167581107406274
2 0 0 0
0 -1.3616685954218729e-06 -2.9433510881191577e-07 -0.00018999217351674231
0 1.1642174207818642e-06 1.1302855560029376e-06 -0.00018088584552127852
0 -1.3634075784990236e-06 -1.5613185779227456e-06 -0.00048794479304358206
0 9.5329633103362909e-07 3.8638782999845302e-07 -0.00011876165426697797
0 -1.5530108632155653e-06 -1.4954050067287184e-06 -0.00046295050229979226
2 0 0 0
0 1.1543786444011365e-06 -1.1477194622431646e-06 -0.00026887586826368455
2 0 0 0
0 -1.6820211982930948e-06 -1.2356417453919302e-06 -0.00049140185750314231
0 9.7251870855917462e-07 9.914773242341132e-07 -0.00014981152519166286
0 -1.3253269277128034e-06 -1.477906295268687e-06 -0.00051046976182933285
0 1.1014308533527269e-06 8.9893460311461778e-07 -0.00016150678724614038
0 -1.3236850673388829e-06 -3.6609998538554317e-07 -0.00018547461015776153
2 0 0 0
0 1.549453597853582e-07 -1.8781014494730475e-06 -0.00051594590484731911
2 0 0 0
0 -1.3876168790619185e-06 -2.3287488620065489e-07 -0.00019273165656639885
0 4.0608281351253125e-07 7.0678625451135989e-07 -7.7092765305403576e-05
0 -1.7432902191375208e-06 -5.4697433265491674e-07 -0.00026966346981529378
0 1.2551910759839338e-06 9.6146658437335025e-07 -0.00018711978470735389
0 -1.6842965032622217e-06 -6.4226852070677946e-07 -0.00026410314896162148
0 1.0355228261423203e-06 3.7856560312171579e-07 -0.00013001978378657681
0 5.1389995202936568e-07 -1.9074082306405328e-06 -0.00047823227007433175
0 8.805852204152426e-07 3.9756237762585365e-07 -0.00010882548894957349
0 -1.8041262154181807e-06 -4.5574707996908836e-07 -0.00027520675429588287
0 8.4533632248990514e-07 1.0480520500650516e-06 -0.00014485864825818174
2 0 0 0
2 0 0 0
2 0 0 0
2 0 0 0
2 0 0 0
2 0 0 0
2 0 0 0
0 1.2413333418069433e-06 1.1386237171381337e-06 -0.00019184801282991058
2 0 0 0
2 0 0 0
2 0 0 0
2 0 0 0
2 0 0 0
2 0 0 0
2 0 0 0
0 1.0946251909155943e-06 1.083883669238418e-06 -0.00016701471913604663
2 0 0 0
2 0 0 0
2 0 0 0
0 1.3318825198915633e-06 6.4864362975127291e-07 -0.00017864906128128689
2 0 0 0
2 0 0 0
2 0 0 0
0 5.6101945798503438e-07 8.9462441677635295e-07 -0.00010655754302406002
2 0 0 0
2 0 0 0
2 0 0 0
2 0 0 0
2 0 0 0
2 0 0 0
2 0 0 0
2 0 0 0
2 0 0 0
2 0 0 0
2 0 0 0
2 0 0 0
2 0 0 0
2 0 0 0
2 0 0 0
2 0 0 0
2 0 0 0
2 0 0 0
2 0 0 0
2 0 0 0
2 0 0 0
2 0 0 0
2 0 0 0
2 0 0 0
2 0 0 0
2 0 0 0
2 0 0 0
2 0 0 0
2 0 0 0
2 0 0 0
2 0 0 0
2 0 0 0
2 0 0 0
2 0 0 0
2 0 0 0
2 0 0 0
2 0 0 0
2 0 0 0
2 0 0 0
2 0 0 0
2 0 0 0
2 0 0 0
2 0 0 0
2 0 0 0
2 0 0 0
2 0 0 0
2 0 0 0
2 0 0 0
2 0 0 0
2 0 0 0
2 0 0 0
2 0 0 0
2 0 0 0
2 0 0 0
2 0 0 0
2 0 0 0
2 0 0 0
2 0 0 0
2 0 0 0
2 0 0 0
0 1.6421284742372899e-07 3.6582823806744902e-07 -2.3352450122383762e-05
2 0 0 0
2 0 0 0
2 0 0 0
2 0 0 0
2 0 0 0
2 0 0 0
2 0 0 0
2 0 0 0
0 8.6490216545910116e-07 8.4307800595561809e-07 -0.00012525366586788275
2 0 0 0
2 0 0 0
2 0 0 0
2 0 0 0
2 0 0 0
2 0 0 0
2 0 0 0
0 7.7631101024621057e-07 7.7462364493770356e-07 -0.00011269197590637795
2 0 0 0
2 0 0 0
2 0 0 0
0 8.0550378957191362e-07 6.9503090963272229e-07 -0.00010960096293395133
2 0 0 0
2 0 0 0
2 0 0 0
0 4.4902679862316349e-07 7.2419733791182447e-07 -7.9939628621753442e-05
2 0 0 0
2 0 0 0
2 0 0 0
0 8.9753287827190576e-07 7.1372267804282063e-07 -0.00012403243136177035
2 0 0 0
2 0 0 0
2 0 0 0
2 0 0 0
2 0 0 0
2 0 0 0
2 0 0 0
2 0 0 0
2 0 0 0
2 0 0 0
0 1.2534967266997946e-06 -1.1750693095172114e-06 -0.00028047360133932214
0 7.0543418410703486e-07 8.2060253048070782e-07 -0.00011197974071513072
0 -1.6937046094980999e-06 -1.2010106622519412e-06 -0.00049844736255893487
0 6.1191392197169842e-07 2.6595877272522746e-07 -6.7736210967352559e-05
0 8.492733729571118e-07 -1.7860966977743744e-06 -0.00046039024824575704
0 8.3398826827241975e-07 6.5013483734883907e-07 -0.00011209226738505241
2 0 0 0
2 0 0 0
2 0 0 0
2 0 0 0
0 -9.0415833841375423e-07 -1.5932374758400775e-06 -0.00053935610282500714
2 0 0 0
0 9.7687455387927783e-07 -8.1642428679174164e-07 -0.00017376435227678665
2 0 0 0
2 0 0 0
2 0 0 0
2 0 0 0
0 4.329695523337149e-07 6.96682561413214e-07 -7.5651287820409146e-05
0 -8.796788376599056e-07 -1.5719492404006612e-06 -0.00054389058712962779
2 0 0 0
0 6.48179796990522e-07 -1.823467095770725e-06 -0.000491057744036947
0 9.0696036056945702e-07 8.1168273187632433e-07 -0.00012831095448271901
0 8.0683858018023191e-07 -1.8091561662324839e-06 -0.00045722897913517605
2 0 0 0
0 8.7503723045969573e-07 -1.7724747281796699e-06 -0.00046228739416684546
2 0 0 0
0 -2.0094291743147311e-06 -5.7513319745362642e-07 -0.00034460321456411406
2 0 0 0
0 6.1538540202472548e-07 -1.8427282611980887e-06 -0.00048853019234067912
2 0 0 0
0 9.626807519668761e-07 -8.1862484665589034e-07 -0.00017319182170787026
2 0 0 0
0 9.8969725896008816e-07 -8.1356487209016102e-07 -0.00017427520805219084
2 0 0 0
0 -1.2799838533137726e-06 -1.4154829036693631e-06 -0.00052890282679751157
0 9.5365913543514885e-07 9.6197644553174765e-07 -0.00014495824506067229
0 9.4555734553059971e-07 -1.7594157356068111e-06 -0.00044830305941654725
2 0 0 0
2 0 0 0
2 0 0 0
2 0 0 0
2 0 0 0
0 -8.9349008287301041e-07 -1.5839421481830881e-06 -0.00054133995516789189
0 1.0273609147054433e-06 9.6858194350463593e-07 -0.00015041488447689095
0 1.2448276595076321e-06 -1.4482727877550435e-06 -0.00034911574974017304
2 0 0 0
2 0 0 0
2 0 0 0
2 0 0 0
2 0 0 0
0 -8.6886293398163798e-07 -1.5625889337298625e-06 -0.00054587438450498732
2 0 0 0
0 -1.5217424214565698e-07 -1.7846712731926205e-06 -0.00054498877579710336
0 1.0056201961619029e-06 8.5220932342540113e-07 -0.00014513575057305836
0 9.1087351610480095e-07 -1.77734416833537e-06 -0.00044577311022590165
2 0 0 0
0 9.8064515072247852e-07 -1.7417722515491198e-06 -0.00045083352121358204
2 0 0 0
0 -2.0643544874709264e-06 -6.3426859423320438e-07 -0.00036907046855833231
0 5.2264869429668569e-07 8.1696311814138315e-07 -9.4556062466098314e-05
0 -1.8253614111302042e-07 -1.8098387443481453e-06 -0.00054148590154300873
0 1.0145579289919599e-06 8.5603137538816686e-07 -0.00014665351256463256
0 1.3699955953056622e-06 -1.4619215814824949e-06 -0.00037963546447973025
2 0 0 0
0 1.6123585876866272e-06 -1.3079833759222867e-06 -0.00039236143681750722
2 0 0 0
0 -1.9517284053496949e-06 -8.4663892653477461e-07 -0.00047204948970448632
0 7.2638182582593121e-07 9.5368261255936182e-07 -0.00012296232408728794
0 1.7929411058336458e-07 -1.6597086081598072e-06 -0.00055874394851485715
0 1.0067500952621492e-06 7.9410707631561632e-07 -0.00014325507305516178
0 1.3085689481051461e-06 -1.2422431736941396e-06 -0.00029964669437969251
0 7.4675394362922573e-07 3.2630350157389537e-07 -8.8170205448845129e-05
0 1.5440552161681764e-06 -1.1555055066474581e-06 -0.00031419901716186121
0 7.0235262707024978e-07 2.974354960241133e-07 -8.1152614702414863e-05
0 -1.728563911831317e-06 -1.1222989395864891e-06 -0.00049992720607336242
0 8.1501094335262503e-07 9.4523370297171041e-07 -0.00013353844158211034
0 1.4283885782836633e-06 -1.4213549581443801e-06 -0.00038280620165043861
0 7.9174718363833804e-07 3.7307301255788302e-07 -9.5708521808993569e-05
0 1.4460985321139789e-06 -1.2336630075654653e-06 -0.00030970297550024842
0 7.0597417842285148e-07 2.9651783536710619e-07 -8.1621178293245209e-05
0 1.6184466374698766e-06 -1.078087089183311e-06 -0.00031648903670424754
0 6.9872968743046954e-07 2.9839062251446806e-07 -8.0684028999810313e-05
0 -1.7700780073158054e-06 -9.5489357772679731e-07 -0.00050965128402928909
0 8.0236870362625435e-07 9.3544887517536983e-07 -0.00013141039572888604
0 -1.0611316920308107e-07 -1.5760967771244407e-06 -0.00057066762935614377
0 1.0077736567992112e-06 8.3391351273446234e-07 -0.00014496575933802913
0 4.5815601060227431e-08 -1.8000015543575939e-06 -0.00054552515984185529
0 1.0158516342615879e-06 7.9873751877840985e-07 -0.00014476192121201068
0 3.189684763435774e-07 -1.5214262560188265e-06 -0.0005719676286741705
0 9.9765328453639583e-07 7.8949996785932425e-07 -0.00014174790987293382
0 -1.1581083544191032e-06 -1.3720682890945309e-07 -0.00015264309126420249
2 0 0 0
0 -2.3374380045210166e-07 -1.704830939216154e-06 -0.00055328453763963976
0 1.0055969867691599e-06 9.5053205720925639e-07 -0.00014652492152878672
0 1.3051069038277193e-06 -1.5090044252011434e-06 -0.00037597202460848243
0 5.6765474056178901e-07 8.4606667731205929e-07 -9.9382674004392586e-05
0 1.5418245313814849e-06 -1.3490337625115154e-06 -0.0003887706608776217
0 5.6554925684459432e-07 8.5051018881346191e-07 -0.00010001848401689674
0 -1.9650970776731103e-06 -9.022425458620217e-07 -0.00045837131455268799
2 0 0 0
0 1.1515897424647314e-06 -1.6390717186389968e-06 -0.00046473773415532432
0 7.391818966905484e-07 9.3069680886338016e-07 -0.0001235785444012932
0 1.0267618025552595e-06 -8.0762567201230258e-07 -0.00017704390666191985
2 0 0 0
2 0 0 0
2 0 0 0
0 -1.1293621647724175e-06 -1.4176446800865128e-06 -0.00054851506698382676
0 9.876671222688716e-07 7.7975129932321843e-07 -0.00013986889738776747
0 1.5095253097457193e-06 -1.1978651860279399e-06 -0.00031289834810319301
0 4.6606860402009819e-07 7.5994459517369417e-07 -8.5479279536344633e-05
2 0 0 0
2 0 0 0
0 1.0399058263701199e-06 -6.2439750501812731e-07 -0.00015724344403635938
2 0 0 0
0 -1.0323147377565665e-06 -1.304542047589574e-06 -0.00056992199826188747
0 9.9353941164905532e-07 7.8612929076377366e-07 -0.00014100481282614775
0 3.8625860055928508e-07 -1.6026102646545334e-06 -0.0005596673177182171
0 9.4195314492007271e-07 9.4916063269334684e-07 -0.00014273345900249929
0 8.2548373940910703e-07 -1.7584434973345076e-06 -0.00048584022804692029
0 7.9511261380827498e-07 9.1785542017809842e-07 -0.00012917337506703226
0 1.1344057533173042e-06 -1.5704786159910542e-06 -0.00051236396337564884
0 7.9903421882456786e-07 9.3106352444172154e-07 -0.00013069720073875373
0 -1.9962145667519803e-06 -4.7433808431157729e-07 -0.00033151289671191317
0 6.9401575538702367e-07 2.9626202117101342e-07 -7.9967868428597387e-05
0 -4.7127217236811914e-07 3.5670339712079373e-07 -0.00010569882017797585
0 9.4111527174230071e-07 9.4398138044448953e-07 -0.00014197298264998732
2 0 0 0
0 4.274482874503461e-07 7.1903074300416343e-07 -7.9010389168726789e-05
2 0 0 0
0 4.2771931811999798e-07 7.2307390714150862e-07 -7.9634317225160274e-05
2 0 0 0
2 0 0 0
0 -5.8624981133440633e-07 2.3925199327171573e-07 -9.7818311410788775e-05
0 7.9718411448013538e-07 9.2485718748225614e-07 -0.00012998289229375722
