-----------------------------------------------------------------------------------
 Eq      N-i            T    dB      Ri/R1      Ri/R0       R/Ri    lsIt   dB   %t
-----------------------------------------------------------------------------------
 NS      1-1    2.532e+01 [   0  1.000e+00  1.000e+00  9.841e-11] [  684 -230   89]
 NS      1-2    3.977e+01 [-104  5.755e-06  5.755e-06  9.757e-11] [  471 -231   85]
 NS      1-3    5.536e+01 [-215  1.627e-11  1.627e-11  9.910e-11] [  555 -230   86]
 NS      2-1    7.247e+01 [   0  1.000e+00  1.132e+00  9.860e-11] [  668 -230   87]
 NS      2-2    8.809e+01 [-111  2.685e-06  3.039e-06  9.811e-11] [  559 -230   86]
 NS      2-3    1.042e+02 [-220  9.081e-12  1.028e-11  9.974e-11] [  592 -230   87]
 NS      3-1    1.189e+02 [   0  1.000e+00  1.261e+00  8.060e-11] [  491 -232   85]
 NS      3-2    1.361e+02 [-118  1.216e-06  1.534e-06  9.862e-11] [  681 -230   88]
 NS      3-3    1.521e+02 [-229  3.485e-12  4.395e-12  2.140e-10] [  584 -223   87]
 NS      4-1    1.689e+02 [   0  1.000e+00  1.093e+00  9.678e-11] [  640 -231   87]
 NS      4-2    1.848e+02 [-122  7.663e-07  8.376e-07  9.999e-11] [  583 -230   87]
 NS      4-3    2.002e+02 [-233  2.208e-12  2.414e-12  3.677e-10] [  541 -217   86]
 NS      5-1    2.186e+02 [   0  1.000e+00  8.300e-01  9.786e-11] [  763 -230   88]
 NS      5-2    2.353e+02 [-125  5.607e-07  4.654e-07  9.980e-11] [  643 -230   87]
 NS      5-3    2.496e+02 [-236  1.551e-12  1.288e-12  7.445e-10] [  464 -210   85]
 NS      6-1    2.684e+02 [   0  1.000e+00  5.818e-01  9.768e-11] [  790 -230   88]
 NS      6-2    2.842e+02 [-126  4.519e-07  2.629e-07  9.727e-11] [  575 -231   86]
 NS      6-3    2.991e+02 [-238  1.241e-12  7.222e-13  1.357e-09] [  512 -204   86]
 NS      7-1    3.161e+02 [   0  1.000e+00  3.864e-01  9.850e-11] [  652 -230   87]
 NS      7-2    3.319e+02 [-127  4.125e-07  1.594e-07  9.859e-11] [  568 -230   86]
 NS      7-3    3.458e+02 [-239  1.089e-12  4.209e-13  2.245e-09] [  433 -199   84]
 NS      8-1    3.634e+02 [   0  1.000e+00  2.467e-01  9.859e-11] [  702 -230   88]
 NS      8-2    3.785e+02 [-128  3.690e-07  9.105e-08  9.967e-11] [  516 -230   86]
 NS      8-3    3.928e+02 [-239  1.019e-12  2.515e-13  3.875e-09] [  465 -194   85]
 NS      9-1    4.101e+02 [   0  1.000e+00  1.529e-01  1.000e-10] [  683 -230   87]
 NS      9-2    4.267e+02 [-128  3.603e-07  5.509e-08  9.851e-11] [  627 -230   87]
 NS      9-3    4.410e+02 [-240  9.959e-13  1.523e-13  6.390e-09] [  457 -189   85]
 NS     10-1    4.581e+02 [   0  1.000e+00  9.254e-02  9.450e-11] [  667 -231   87]
 NS     10-2    4.748e+02 [-129  3.433e-07  3.177e-08  9.825e-11] [  639 -230   87]
 NS     10-3s   4.894e+02 [-239  1.004e-12  9.294e-14  1.061e-08] [  480 -184   85]
 NS     11-1    5.088e+02 [   0  1.000e+00  5.494e-02  9.792e-11] [  787 -230   85]
 NS     11-2    5.257e+02 [-129  3.390e-07  1.863e-08  9.562e-11] [  649 -231   87]
 NS     11-3    5.398e+02 [-239  1.102e-12  6.056e-14  1.625e-08] [  450 -179   85]
 NS     12-1    5.579e+02 [   0  1.000e+00  3.209e-02  9.775e-11] [  730 -230   88]
 NS     12-2    5.746e+02 [-129  3.301e-07  1.059e-08  9.680e-11] [  639 -231   87]
 NS     12-3    5.880e+02 [-237  1.403e-12  4.501e-14  2.202e-08] [  401 -176   84]
 NS     13-1    6.063e+02 [   0  1.000e+00  1.849e-02  9.601e-11] [  748 -231   88]
 NS     13-2    6.216e+02 [-129  3.269e-07  6.044e-09  9.608e-11] [  540 -231   86]
 NS     13-3    6.347e+02 [-233  2.080e-12  3.847e-14  2.567e-08] [  378 -175   83]
 NS     14-1    6.504e+02 [   0  1.000e+00  1.053e-02  9.667e-11] [  560 -231   86]
 NS     14-2    6.670e+02 [-129  3.224e-07  3.395e-09  9.917e-11] [  627 -230   87]
 NS     14-3    6.802e+02 [-229  3.437e-12  3.619e-14  2.686e-08] [  379 -174   84]
 NS     15-1    6.985e+02 [   0  1.000e+00  5.936e-03  9.722e-11] [  757 -231   88]
 NS     15-2    7.132e+02 [-129  3.205e-07  1.902e-09  9.823e-11] [  489 -230   85]
 NS     15-3    7.260e+02 [-224  5.985e-12  3.552e-14  2.603e-08] [  350 -175   83]
 NS     16-1    7.434e+02 [   0  1.000e+00  3.316e-03  9.591e-11] [  685 -231   87]
 NS     16-2    7.587e+02 [-129  3.186e-07  1.057e-09  9.606e-11] [  537 -231   86]
 NS     16-3    7.714e+02 [-219  1.069e-11  3.547e-14  2.755e-08] [  347 -174   83]
 NS     17-1    7.889e+02 [   0  1.000e+00  1.838e-03  9.564e-11] [  693 -231   87]
 NS     17-2    8.033e+02 [-129  3.180e-07  5.844e-10  9.676e-11] [  467 -231   85]
 NS     17-3    8.157e+02 [-214  1.918e-11  3.525e-14  2.811e-08] [  324 -174   83]
 NS     18-1    8.313e+02 [   0  1.000e+00  1.011e-03  9.720e-11] [  560 -231   86]
 NS     18-2    8.456e+02 [-129  3.177e-07  3.213e-10  9.897e-11] [  461 -230   85]
 NS     18-3    8.568e+02 [-209  3.492e-11  3.532e-14  2.769e-08] [  231 -174   81]
 NS     19-1    8.740e+02 [   0  1.000e+00  5.529e-04  9.880e-11] [  669 -230   87]
 NS     19-2    8.898e+02 [-129  3.181e-07  1.759e-10  9.409e-11] [  569 -231   86]
 NS     19-3    9.025e+02 [-203  6.341e-11  3.506e-14  2.752e-08] [  349 -174   83]
 NS     20-1    9.200e+02 [   0  1.000e+00  3.005e-04  9.997e-11] [  687 -230   87]
 NS     20-2s   9.368e+02 [-129  3.189e-07  9.584e-11  9.974e-11] [  644 -230   87]
 NS     21-1    9.554e+02 [   0  1.000e+00  1.624e-04  9.585e-11] [  721 -231   84]
 NS     21-2    9.717e+02 [-129  3.202e-07  5.201e-11  9.978e-11] [  603 -230   86]
 NS     22-1    9.906e+02 [   0  1.000e+00  8.739e-05  8.844e-11] [  801 -231   88]
 NS     22-2    1.007e+03 [-129  3.218e-07  2.812e-11  9.965e-11] [  600 -230   87]
 NS     23-1    1.025e+03 [   0  1.000e+00  4.679e-05  9.740e-11] [  741 -231   88]
 NS     23-2    1.040e+03 [-129  3.237e-07  1.515e-11  9.667e-11] [  517 -231   86]
 NS     24-1    1.058e+03 [   0  1.000e+00  2.495e-05  9.499e-11] [  755 -231   88]
 NS     24-2    1.074e+03 [-129  3.259e-07  8.132e-12  1.216e-10] [  539 -228   86]
 NS     25-1    1.091e+03 [   0  1.000e+00  1.325e-05  9.659e-11] [  648 -231   87]
 NS     25-2    1.106e+03 [-129  3.285e-07  4.353e-12  2.238e-10] [  559 -222   86]
 NS     26-1    1.122e+03 [   0  1.000e+00  7.012e-06  9.839e-11] [  557 -230   86]
 NS     26-2    1.137e+03 [-129  3.313e-07  2.323e-12  4.188e-10] [  476 -216   85]
 NS     27-1    1.154e+03 [   0  1.000e+00  3.697e-06  9.917e-11] [  670 -230   87]
 NS     27-2    1.168e+03 [-129  3.345e-07  1.237e-12  7.935e-10] [  459 -210   85]
 NS     28-1    1.185e+03 [   0  1.000e+00  1.943e-06  9.892e-11] [  649 -230   87]
 NS     28-2    1.200e+03 [-129  3.381e-07  6.571e-13  1.505e-09] [  517 -203   86]
 NS     29-1    1.218e+03 [   0  1.000e+00  1.018e-06  9.512e-11] [  760 -231   88]
 NS     29-2    1.233e+03 [-129  3.429e-07  3.492e-13  2.818e-09] [  470 -197   85]
 NS     30-1    1.251e+03 [   0  1.000e+00  5.319e-07  9.848e-11] [  754 -230   88]
 NS     30-2s   1.265e+03 [-129  3.508e-07  1.866e-13  5.206e-09] [  442 -191   85]
 NS     31-1    1.283e+03 [   0  1.000e+00  2.771e-07  9.962e-11] [  667 -230   84]
 NS     31-2    1.297e+03 [-128  3.688e-07  1.022e-13  9.439e-09] [  420 -185   84]
 NS     32-1    1.314e+03 [   0  1.000e+00  1.439e-07  9.856e-11] [  704 -230   88]
 NS     32-2    1.328e+03 [-127  4.197e-07  6.042e-14  1.593e-08] [  449 -180   85]
 NS     33-1    1.346e+03 [   0  1.000e+00  7.459e-08  9.665e-11] [  738 -231   88]
 NS     33-2    1.359e+03 [-125  5.570e-07  4.155e-14  2.308e-08] [  353 -176   83]
 NS     34-1    1.376e+03 [   0  1.000e+00  3.856e-08  9.818e-11] [  645 -230   87]
 NS     34-2    1.389e+03 [-120  9.068e-07  3.497e-14  2.758e-08] [  352 -174   83]
 NS     35-1    1.407e+03 [   0  1.000e+00  1.989e-08  9.888e-11] [  733 -230   88]
 NS     35-2    1.420e+03 [-115  1.660e-06  3.302e-14  2.955e-08] [  363 -173   83]
 NS     36-1    1.436e+03 [   0  1.000e+00  1.023e-08  9.379e-11] [  628 -231   87]
 NS     36-2    1.449e+03 [-109  3.165e-06  3.239e-14  3.026e-08] [  322 -173   83]
 NS     37-1    1.466e+03 [   0  1.000e+00  5.253e-09  9.958e-11] [  664 -230   87]
 NS     37-2    1.479e+03 [-104  6.154e-06  3.233e-14  3.018e-08] [  357 -173   83]
 NS     38-1    1.496e+03 [   0  1.000e+00  2.691e-09  9.994e-11] [  687 -230   87]
 NS     38-2    1.508e+03 [ -98  1.183e-05  3.183e-14  3.115e-08] [  300 -173   82]
 NS     39-1    1.527e+03 [   0  1.000e+00  1.376e-09  9.940e-11] [  739 -230   88]
 NS     39-2    1.539e+03 [ -92  2.318e-05  3.190e-14  3.085e-08] [  344 -173   83]
 NS     40-1    1.556e+03 [   0  1.000e+00  7.022e-10  9.970e-11] [  649 -230   87]
 NS     40-2s   1.569e+03 [ -86  4.553e-05  3.197e-14  3.099e-08] [  376 -173   84]
 NS     41-1    1.588e+03 [   0  1.000e+00  3.576e-10  9.511e-11] [  737 -231   84]
 NS     41-2    1.601e+03 [ -80  8.915e-05  3.188e-14  2.928e-08] [  349 -173   83]
 NS     42-1    1.618e+03 [   0  1.000e+00  1.818e-10  9.588e-11] [  639 -231   87]
 NS     42-2    1.630e+03 [ -75  1.739e-04  3.162e-14  3.135e-08] [  348 -173   83]
 NS     43-1    1.649e+03 [   0  1.000e+00  9.226e-11  9.716e-11] [  787 -231   88]
 NS     43-2    1.662e+03 [ -69  3.496e-04  3.225e-14  2.772e-08] [  349 -174   83]
 NS     44-1    1.678e+03 [   0  1.000e+00  4.673e-11  9.961e-11] [  613 -230   87]
 NS     44-2    1.690e+03 [ -63  6.821e-04  3.188e-14  2.996e-08] [  228 -173   81]
 NS     45-1    1.707e+03 [   0  1.000e+00  2.363e-11  9.917e-11] [  677 -230   87]
 NS     45-2    1.720e+03 [ -57  1.329e-03  3.141e-14  3.126e-08] [  362 -173   83]
 NS     46-1    1.737e+03 [   0  1.000e+00  1.193e-11  9.675e-11] [  693 -231   87]
 NS     46-2    1.750e+03 [ -51  2.633e-03  3.142e-14  3.072e-08] [  309 -173   82]
 NS     47-1    1.768e+03 [   0  1.000e+00  6.014e-12  1.584e-10] [  758 -226   88]
 NS     47-2    1.780e+03 [ -45  5.222e-03  3.141e-14  3.153e-08] [  291 -173   82]
 NS     48-1    1.798e+03 [   0  1.000e+00  3.027e-12  3.275e-10] [  726 -218   88]
 NS     48-2    1.810e+03 [ -39  1.036e-02  3.136e-14  3.162e-08] [  310 -173   82]
 NS     49-1    1.827e+03 [   0  1.000e+00  1.522e-12  6.462e-10] [  671 -212   87]
 NS     49-2    1.840e+03 [ -33  2.070e-02  3.149e-14  3.083e-08] [  350 -173   83]
 NS     50-1    1.856e+03 [   0  1.000e+00  7.647e-13  1.257e-09] [  554 -205   86]
 NS     50-2s   1.867e+03 [ -27  4.086e-02  3.124e-14  3.153e-08] [  259 -173   81]
 NS     51-1    1.885e+03 [   0  1.000e+00  3.856e-13  2.549e-09] [  637 -198   83]
 NS     51-2    1.898e+03 [ -21  8.144e-02  3.140e-14  3.116e-08] [  366 -173   83]
 NS     52-1    1.915e+03 [   0  1.000e+00  1.976e-13  4.806e-09] [  649 -192   87]
 NS     52-2    1.928e+03 [ -15  1.588e-01  3.137e-14  3.154e-08] [  369 -173   83]
 NS     53-1    1.943e+03 [   0  1.000e+00  1.075e-13  9.086e-09] [  505 -185   85]
 NS     53-2    1.955e+03 [ -10  2.915e-01  3.133e-14  3.128e-08] [  314 -173   83]
 NS     54-1    1.971e+03 [   0  1.000e+00  6.856e-14  1.387e-08] [  547 -181   86]
 NS     54-2    1.982e+03 [  -6  4.563e-01  3.129e-14  3.170e-08] [  276 -173   82]
 NS     55-1    1.997e+03 [   0  1.000e+00  5.442e-14  1.806e-08] [  492 -178   85]
 NS     55-2    2.008e+03 [  -4  5.706e-01  3.105e-14  2.941e-08] [  232 -173   81]
 NS     56-1    2.024e+03 [   0  1.000e+00  5.028e-14  1.913e-08] [  557 -178   86]
 NS     56-2    2.035e+03 [  -4  6.191e-01  3.113e-14  3.013e-08] [  253 -173   81]
 NS     57-1    2.050e+03 [   0  1.000e+00  4.966e-14  1.903e-08] [  459 -178   85]
 NS     57-2    2.062e+03 [  -4  6.208e-01  3.083e-14  3.198e-08] [  342 -173   83]
 NS     58-1    2.077e+03 [   0  1.000e+00  4.942e-14  1.992e-08] [  474 -177   85]
 NS     58-2    2.090e+03 [  -3  6.310e-01  3.119e-14  2.932e-08] [  353 -173   83]
 NS     59-1    2.103e+03 [   0  1.000e+00  4.922e-14  1.925e-08] [  379 -178   83]
 NS     59-2    2.115e+03 [  -4  6.307e-01  3.104e-14  3.120e-08] [  292 -173   82]
 NS     60-1    2.128e+03 [   0  1.000e+00  4.927e-14  1.976e-08] [  366 -177   83]
 NS     60-2s   2.140e+03 [  -4  6.168e-01  3.039e-14  3.177e-08] [  321 -173   83]
 NS     61-1    2.154e+03 [   0  1.000e+00  4.741e-14  2.060e-08] [  367 -177   79]
 NS     61-2    2.167e+03 [  -3  6.595e-01  3.127e-14  3.060e-08] [  357 -173   83]
 NS     62-1    2.180e+03 [   0  1.000e+00  4.824e-14  2.015e-08] [  337 -177   83]
 NS     62-2    2.193e+03 [  -3  6.490e-01  3.131e-14  3.141e-08] [  348 -173   83]
 NS     63-1    2.206e+03 [   0  1.000e+00  5.031e-14  1.871e-08] [  357 -178   83]
 NS     63-2    2.218e+03 [  -4  6.271e-01  3.155e-14  2.999e-08] [  350 -173   83]
 NS     64-1    2.231e+03 [   0  1.000e+00  4.965e-14  1.954e-08] [  348 -178   83]
 NS     64-2    2.244e+03 [  -4  6.192e-01  3.074e-14  3.183e-08] [  323 -173   83]
 NS     65-1    2.256e+03 [   0  1.000e+00  4.990e-14  1.963e-08] [  323 -177   83]
 NS     65-2    2.270e+03 [  -4  6.276e-01  3.132e-14  3.109e-08] [  335 -173   82]
 NS     66-1    2.282e+03 [   0  1.000e+00  4.782e-14  2.067e-08] [  302 -177   81]
 NS     66-2    2.295e+03 [  -3  6.481e-01  3.099e-14  3.109e-08] [  291 -173   84]
 NS     67-1    2.307e+03 [   0  1.000e+00  4.625e-14  2.138e-08] [  226 -177   80]
 NS     67-2    2.321e+03 [  -3  6.460e-01  2.988e-14  3.185e-08] [  376 -173   84]
 NS     68-1    2.334e+03 [   0  1.000e+00  4.706e-14  2.073e-08] [  354 -177   83]
 NS     68-2    2.348e+03 [  -3  6.565e-01  3.090e-14  3.196e-08] [  422 -173   84]
 NS     69-1    2.361e+03 [   0  1.000e+00  4.633e-14  2.069e-08] [  355 -177   82]
 NS     69-2    2.374e+03 [  -3  6.764e-01  3.134e-14  3.156e-08] [  344 -173   82]
 NS     70-1    2.387e+03 [   0  1.000e+00  4.670e-14  2.113e-08] [  292 -177   81]
 NS     70-2s   2.399e+03 [  -3  6.580e-01  3.073e-14  3.146e-08] [  280 -173   80]
 NS     71-1    2.414e+03 [   0  1.000e+00  4.835e-14  2.026e-08] [  415 -177   80]
 NS     71-2    2.427e+03 [  -3  6.468e-01  3.127e-14  3.049e-08] [  342 -173   82]
