0.00010249613581151358 5.6502591099965899e-05 0.00015598149824151377 0.00010261008176427117 5.6396790931415495e-05 0.00015598149825758539 0.00010242999876091073 5.6587528124688376e-05 0.00015598149824636742
0.00010244928534652243 5.8551700975665794e-05 0.00015598149944383007 0.00010235519674456293 5.8416234280182695e-05 0.00015598149929624418 0.00010255452964548323 5.8662302861614234e-05 0.00015598149958424525
0.00010269725225431189 5.631518596595034e-05 0.0001559814982694789 0.00010275333743690774 5.6276038360210727e-05 0.00015598149828518221 0.00010261008176427117 5.6396790931415495e-05 0.00015598149825758539
0.00010275333743690774 5.6276038360210727e-05 0.00015598149828518221 0.00010297029940479777 5.6143136511463769e-05 0.00015598149835710374 0.00010261008176427117 5.6396790931415495e-05 0.00015598149825758539
0.00010261008176427117 5.6396790931415495e-05 0.00015598149825758539 0.00010297029940479777 5.6143136511463769e-05 0.00015598149835710374 0.00010242999876091073 5.6587528124688376e-05 0.00015598149824636742
0.00010435994334141604 5.6134718277748831e-05 0.00015598149932578997 0.00010455412470119253 5.6247247419820612e-05 0.00015598149952968741 0.00010421943802033711 5.6075848931744273e-05 0.00015598149919184937
0.00010421943802033711 5.6075848931744273e-05 0.00015598149919184937 0.00010455412470119253 5.6247247419820612e-05 0.00015598149952968741 0.00010400970601916063 5.6014666889019731e-05 0.00015598149900800576
0.00010263217486977159 5.8740196034096681e-05 0.00015598149968560512 0.00010255452964548323 5.8662302861614234e-05 0.00015598149958424525 0.00010280363475027163 5.8870293546315562e-05 0.00015598149988417073
0.00010255452964548323 5.8662302861614234e-05 0.00015598149958424525 0.00010235519674456293 5.8416234280182695e-05 0.00015598149929624418 0.00010280363475027163 5.8870293546315562e-05 0.00015598149988417073
0.00010400970601916063 5.6014666889019731e-05 0.00015598149900800576 0.00010455412470119253 5.6247247419820612e-05 0.00015598149952968741 0.00010389544401742517 5.5993403060396959e-05 0.0001559814989151221
0.00010389544401742517 5.5993403060396959e-05 0.0001559814989151221 0.00010455412470119253 5.6247247419820612e-05 0.00015598149952968741 0.00010366920984697583 5.5978155039275307e-05 0.00015598149874740272
0.00010229966074698454 5.8329488909059664e-05 0.00015598149920504096 0.00010219720248297612 5.8107937185664521e-05 0.00015598149899970058 0.00010235519674456293 5.8416234280182695e-05 0.00015598149929624418
0.00010235519674456293 5.8416234280182695e-05 0.00015598149929624418 0.00010219720248297612 5.8107937185664521e-05 0.00015598149899970058 0.00010280363475027163 5.8870293546315562e-05 0.00015598149988417073
0.00010366920984697583 5.5978155039275307e-05 0.00015598149874740272 0.00010455412470119253 5.6247247419820612e-05 0.00015598149952968741 0.00010357601914259118 5.5980721852269198e-05 0.00015598149868364871
0.00010357601914259118 5.5980721852269198e-05 0.00015598149868364871 0.00010455412470119253 5.6247247419820612e-05 0.00015598149952968741 0.00010334265883604505 5.6013152141780437e-05 0.00015598149853967501
0.00010455412470119253 5.6247247419820612e-05 0.00015598149952968741 0.00010463160447238073 5.6301270954419446e-05 0.00015598149961654342 0.00010334265883604505 5.6013152141780437e-05 0.00015598149853967501
0.00010463160447238073 5.6301270954419446e-05 0.00015598149961654342 0.000104813794314209 5.6465689430145062e-05 0.0001559814998433155 0.00010334265883604505 5.6013152141780437e-05 0.00015598149853967501
0.00010236911359921338 5.6667278674156543e-05 0.00015598149825177496 0.00010242999876091073 5.6587528124688376e-05 0.00015598149824636742 0.00010227788548536146 5.6820073689089547e-05 0.00015598149827994952
0.00010242999876091073 5.6587528124688376e-05 0.00015598149824636742 0.00010297029940479777 5.6143136511463769e-05 0.00015598149835710374 0.00010227788548536146 5.6820073689089547e-05 0.00015598149827994952
0.00010334265883604505 5.6013152141780437e-05 0.00015598149853967501 0.000104813794314209 5.6465689430145062e-05 0.0001559814998433155 0.00010326207513772891 5.6032303666550776e-05 0.00015598149849475185
0.00010326207513772891 5.6032303666550776e-05 0.00015598149849475185 0.000104813794314209 5.6465689430145062e-05 0.0001559814998433155 0.00010303846718433504 5.6111602983290657e-05 0.0001559814983858632
0.00010303846718433504 5.6111602983290657e-05 0.0001559814983858632 0.000104813794314209 5.6465689430145062e-05 0.0001559814998433155 0.00010297029940479777 5.6143136511463769e-05 0.00015598149835710374
0.00010297029940479777 5.6143136511463769e-05 0.00015598149835710374 0.000104813794314209 5.6465689430145062e-05 0.0001559814998433155 0.00010227788548536146 5.6820073689089547e-05 0.00015598149827994952
0.00010227788548536146 5.6820073689089547e-05 0.00015598149827994952 0.000104813794314209 5.6465689430145062e-05 0.0001559814998433155 0.000102244742790148 5.6884634631084852e-05 0.00015598149829564107
0.000102244742790148 5.6884634631084852e-05 0.00015598149829564107 0.000104813794314209 5.6465689430145062e-05 0.0001559814998433155 0.00010216256754788375 5.7103951791247974e-05 0.0001559814983702569
0.00010285826929297691 5.8906142073020152e-05 0.00015598149994406311 0.00010280363475027163 5.8870293546315562e-05 0.00015598149988417073 0.00010307578731248531 5.9013887323981319e-05 0.00015598150016142958
0.00010280363475027163 5.8870293546315562e-05 0.00015598149988417073 0.00010219720248297612 5.8107937185664521e-05 0.00015598149899970058 0.00010307578731248531 5.9013887323981319e-05 0.00015598150016142958
0.00010216256754788375 5.7103951791247974e-05 0.0001559814983702569 0.000104813794314209 5.6465689430145062e-05 0.0001559814998433155 0.0001021455003868997 5.7164010151880845e-05 0.00015598149839449895
0.0001021455003868997 5.7164010151880845e-05 0.00015598149839449895 0.000104813794314209 5.6465689430145062e-05 0.0001559814998433155 0.00010210250743711211 5.7420104246927885e-05 0.00015598149851873895
0.00010454788525840784 5.8868675823244616e-05 0.00015598150110543839 0.00010450845102582121 5.8892996172698758e-05 0.0001559815010924654 0.00010470441101509788 5.8744886798548811e-05 0.00015598150114050363
0.00010450845102582121 5.8892996172698758e-05 0.0001559815010924654 0.00010426773097810238 5.9017506078303295e-05 0.00015598150099883752 0.00010470441101509788 5.8744886798548811e-05 0.00015598150114050363
0.000104813794314209 5.6465689430145062e-05 0.0001559814998433155 0.00010485291858181882 5.6507187172587115e-05 0.00015598149989574459 0.00010210250743711211 5.7420104246927885e-05 0.00015598149851873895
0.00010485291858181882 5.6507187172587115e-05 0.00015598149989574459 0.00010501104088257127 5.6719334378959001e-05 0.00015598150013442145 0.00010210250743711211 5.7420104246927885e-05 0.00015598149851873895
0.00010219720248297612 5.8107937185664521e-05 0.00015598149899970058 0.00010217785050407013 5.8054134273073559e-05 0.00015598149895370926 0.00010307578731248531 5.9013887323981319e-05 0.00015598150016142958
0.00010217785050407013 5.8054134273073559e-05 0.00015598149895370926 0.00010211451147014771 5.7791084094990008e-05 0.00015598149875076668 0.00010307578731248531 5.9013887323981319e-05 0.00015598150016142958
0.00010210250743711211 5.7420104246927885e-05 0.00015598149851873895 0.00010501104088257127 5.6719334378959001e-05 0.00015598150013442145 0.00010209879143755725 5.7471106552776082e-05 0.00015598149854687779
0.00010209879143755725 5.7471106552776082e-05 0.00015598149854687779 0.00010501104088257127 5.6719334378959001e-05 0.00015598150013442145 0.00010210801699042975 5.7743164141257843e-05 0.00015598149871733105
0.00010474065993940853 5.8716725506693715e-05 0.00015598150114892937 0.00010470441101509788 5.8744886798548811e-05 0.00015598150114050363 0.00010474771599442016 5.8709933535036325e-05 0.00015598150114977974
0.00010474771599442016 5.8709933535036325e-05 0.00015598150114977974 0.00010470441101509788 5.8744886798548811e-05 0.00015598150114050363 0.00010490059223438975 5.8547087014806012e-05 0.0001559815011587449
0.00010470441101509788 5.8744886798548811e-05 0.00015598150114050363 0.00010426773097810238 5.9017506078303295e-05 0.00015598150099883752 0.00010490059223438975 5.8547087014806012e-05 0.0001559815011587449
0.00010211451147014771 5.7791084094990008e-05 0.00015598149875076668 0.00010210801699042975 5.7743164141257843e-05 0.00015598149871733105 0.00010501104088257127 5.6719334378959001e-05 0.00015598150013442145
0.00010211451147014771 5.7791084094990008e-05 0.00015598149875076668 0.00010501104088257127 5.6719334378959001e-05 0.00015598150013442145 0.00010307578731248531 5.9013887323981319e-05 0.00015598150016142958
0.00010307578731248531 5.9013887323981319e-05 0.00015598150016142958 0.00010501104088257127 5.6719334378959001e-05 0.00015598150013442145 0.00010311986638113231 5.9031721250329647e-05 0.00015598150020306673
0.00010311986638113231 5.9031721250329647e-05 0.00015598150020306673 0.00010501104088257127 5.6719334378959001e-05 0.00015598150013442145 0.00010337050748110599 5.9102221775691823e-05 0.00015598150042119336
0.00010501104088257127 5.6719334378959001e-05 0.00015598150013442145 0.00010503125328536803 5.6752212034555937e-05 0.00015598150016840254 0.00010337050748110599 5.9102221775691823e-05 0.00015598150042119336
0.00010503125328536803 5.6752212034555937e-05 0.00015598150016840254 0.00010514981840299329 5.6999885231923959e-05 0.00015598150040077469 0.00010337050748110599 5.9102221775691823e-05 0.00015598150042119336
0.00010337050748110599 5.9102221775691823e-05 0.00015598150042119336 0.00010514981840299329 5.6999885231923959e-05 0.00015598150040077469 0.00010340494181295933 5.9108689278353487e-05 0.00015598150044922082
0.00010340494181295933 5.9108689278353487e-05 0.00015598150044922082 0.00010514981840299329 5.6999885231923959e-05 0.00015598150040077469 0.00010367555555289397 5.9131880907849643e-05 0.00015598150065282635
0.00010514981840299329 5.6999885231923959e-05 0.00015598150040077469 0.00010516017097374423 5.7028113649627371e-05 0.00015598150042504431 0.00010367555555289397 5.9131880907849643e-05 0.00015598150065282635
0.00010516017097374423 5.7028113649627371e-05 0.00015598150042504431 0.00010522948024454543 5.7294164695846524e-05 0.00015598150063397923 0.00010367555555289397 5.9131880907849643e-05 0.00015598150065282635
0.00010522948024454543 5.7294164695846524e-05 0.00015598150063397923 0.00010523346259713956 5.7319141141992229e-05 0.00015598150065182487 0.00010367555555289397 5.9131880907849643e-05 0.00015598150065282635
0.00010523346259713956 5.7319141141992229e-05 0.00015598150065182487 0.0001052523242436165 5.758545616121519e-05 0.00015598150082556892 0.00010367555555289397 5.9131880907849643e-05 0.00015598150065282635
0.00010367555555289397 5.9131880907849643e-05 0.00015598150065282635 0.0001052523242436165 5.758545616121519e-05 0.00015598150082556892 0.00010370061397472427 5.9131670872215311e-05 0.00015598150067025886
0.00010370061397472427 5.9131670872215311e-05 0.00015598150067025886 0.0001052523242436165 5.758545616121519e-05 0.00015598150082556892 0.00010397859960541908 5.9103272077790249e-05 0.00015598150084793278
0.00010503746125248135 5.8347656641007711e-05 0.00015598150113444164 0.00010491475343073273 5.8529240737257286e-05 0.00015598150115791079 0.00010504913286090414 5.8326815879254202e-05 0.00015598150113005802
0.00010504913286090414 5.8326815879254202e-05 0.00015598150113005802 0.00010491475343073273 5.8529240737257286e-05 0.00015598150115791079 0.0001051457146098661 5.8122653605215642e-05 0.00015598150107467217
0.00010398933562679222 5.9101185424939484e-05 0.00015598150085419801 0.00010397859960541908 5.9103272077790249e-05 0.00015598150084793278 0.00010410731947907549 5.9066012707610375e-05 0.00015598150091567132
0.00010397859960541908 5.9103272077790249e-05 0.00015598150084793278 0.0001052523242436165 5.758545616121519e-05 0.00015598150082556892 0.00010410731947907549 5.9066012707610375e-05 0.00015598150091567132
0.00010410731947907549 5.9066012707610375e-05 0.00015598150091567132 0.0001052523242436165 5.758545616121519e-05 0.00015598150082556892 0.00010425591495402824 5.9022220105998428e-05 0.00015598150099339919
0.00010490059223438975 5.8547087014806012e-05 0.0001559815011587449 0.00010426773097810238 5.9017506078303295e-05 0.00015598150099883752 0.00010491475343073273 5.8529240737257286e-05 0.00015598150115791079
0.00010491475343073273 5.8529240737257286e-05 0.00015598150115791079 0.00010426773097810238 5.9017506078303295e-05 0.00015598150099883752 0.0001051457146098661 5.8122653605215642e-05 0.00015598150107467217
0.00010525180605051248 5.7606954661344968e-05 0.00015598150083816448 0.00010522163846085842 5.785722384161908e-05 0.00015598150096788046 0.0001052523242436165 5.758545616121519e-05 0.00015598150082556892
0.0001052523242436165 5.758545616121519e-05 0.00015598150082556892 0.00010522163846085842 5.785722384161908e-05 0.00015598150096788046 0.00010425591495402824 5.9022220105998428e-05 0.00015598150099339919
0.00010515337250604111 5.8102677337186698e-05 0.00015598150106799712 0.0001051457146098661 5.8122653605215642e-05 0.00015598150107467217 0.00010521798446609825 5.7875986014184842e-05 0.00015598150097662932
0.0001051457146098661 5.8122653605215642e-05 0.00015598150107467217 0.00010426773097810238 5.9017506078303295e-05 0.00015598150099883752 0.00010521798446609825 5.7875986014184842e-05 0.00015598150097662932
0.00010522163846085842 5.785722384161908e-05 0.00015598150096788046 0.00010521798446609825 5.7875986014184842e-05 0.00015598150097662932 0.00010425591495402824 5.9022220105998428e-05 0.00015598150099339919
0.00010426773097810238 5.9017506078303295e-05 0.00015598150099883752 0.00010425591495402824 5.9022220105998428e-05 0.00015598150099339919 0.00010521798446609825 5.7875986014184842e-05 0.00015598150097662932
