-----------------------------------------------------------------------------------
 Eq      N-i            T    dB      Ri/R1      Ri/R0       R/Ri    lsIt   dB   %t
-----------------------------------------------------------------------------------
 NS     61-1    2.294e+03 [   0  1.000e+00  4.754e-14  2.046e-08] [  360 -177    1]
 NS     61-2    2.307e+03 [  -3  6.505e-01  3.092e-14  3.003e-08] [  321 -173   83]
 NS     62-1    2.320e+03 [   0  1.000e+00  4.657e-14  2.115e-08] [  406 -177   84]
 NS     62-2    2.333e+03 [  -3  6.688e-01  3.115e-14  3.142e-08] [  328 -173   83]
 NS     63-1    2.345e+03 [   0  1.000e+00  4.789e-14  2.016e-08] [  345 -177   83]
 NS     63-2    2.357e+03 [  -3  6.535e-01  3.130e-14  3.067e-08] [  283 -173   82]
 NS     64-1    2.369e+03 [   0  1.000e+00  4.877e-14  2.024e-08] [  307 -177   82]
 NS     64-2    2.381e+03 [  -3  6.371e-01  3.107e-14  3.191e-08] [  278 -173   82]
 NS     65-1    2.395e+03 [   0  1.000e+00  4.870e-14  2.021e-08] [  424 -177   84]
 NS     65-2    2.407e+03 [  -3  6.407e-01  3.120e-14  3.131e-08] [  282 -173   82]
 NS     66-1    2.420e+03 [   0  1.000e+00  4.829e-14  2.022e-08] [  382 -177   83]
 NS     66-2    2.433e+03 [  -3  6.412e-01  3.096e-14  3.086e-08] [  349 -173   83]
 NS     67-1    2.444e+03 [   0  1.000e+00  4.689e-14  1.891e-08] [  268 -178   81]
 NS     67-2    2.457e+03 [  -3  6.335e-01  2.970e-14  3.148e-08] [  351 -173   83]
 NS     68-1    2.470e+03 [   0  1.000e+00  4.748e-14  2.029e-08] [  362 -177   83]
 NS     68-2    2.481e+03 [  -4  6.246e-01  2.965e-14  3.062e-08] [  253 -173   81]
 NS     69-1    2.493e+03 [   0  1.000e+00  4.606e-14  1.968e-08] [  275 -177   81]
 NS     69-2    2.506e+03 [  -3  6.401e-01  2.948e-14  3.331e-08] [  374 -172   84]
 NS     70-1    2.519e+03 [   0  1.000e+00  4.656e-14  2.051e-08] [  372 -177   83]
 NS     70-2s   2.531e+03 [  -3  6.650e-01  3.096e-14  3.054e-08] [  283 -173   82]
