-----------------------------------------------------------------------------------
 Eq      N-i            T    dB      Ri/R1      Ri/R0       R/Ri    lsIt   dB   %t
-----------------------------------------------------------------------------------
 NS     61-1    2.294e+03 [   0  1.000e+00  4.754e-14  2.017e-08] [  323 -177    1]
 NS     61-2    2.301e+03 [  -3  6.505e-01  3.092e-14  3.170e-08] [  333 -173   68]
 NS     62-1    2.308e+03 [   0  1.000e+00  4.657e-14  2.081e-08] [  339 -177   67]
 NS     62-2    2.316e+03 [  -3  6.693e-01  3.117e-14  2.984e-08] [  350 -173   69]
 NS     63-1    2.323e+03 [   0  1.000e+00  4.794e-14  1.999e-08] [  336 -177   67]
 NS     63-2    2.329e+03 [  -3  6.576e-01  3.153e-14  2.965e-08] [  304 -173   66]
 NS     64-1    2.336e+03 [   0  1.000e+00  4.739e-14  2.079e-08] [  340 -177   68]
 NS     64-2    2.342e+03 [  -3  6.636e-01  3.145e-14  2.966e-08] [  247 -173   61]
 NS     65-1    2.349e+03 [   0  1.000e+00  4.808e-14  2.008e-08] [  341 -177   67]
 NS     65-2    2.355e+03 [  -3  6.468e-01  3.109e-14  2.827e-08] [  282 -174   64]
 NS     66-1    2.368e+03 [   0  1.000e+00  4.805e-14  2.040e-08] [  336 -177   82]
 NS     66-2    2.375e+03 [  -3  6.371e-01  3.061e-14  3.194e-08] [  325 -173   67]
 NS     67-1    2.382e+03 [   0  1.000e+00  4.672e-14  2.072e-08] [  350 -177   68]
 NS     67-2    2.388e+03 [  -3  6.686e-01  3.123e-14  3.023e-08] [  283 -173   64]
 NS     68-1    2.395e+03 [   0  1.000e+00  4.782e-14  2.046e-08] [  329 -177   67]
 NS     68-2    2.402e+03 [  -3  6.464e-01  3.091e-14  3.094e-08] [  326 -173   67]
 NS     69-1    2.410e+03 [   0  1.000e+00  4.796e-14  2.029e-08] [  357 -177   69]
 NS     69-2    2.416e+03 [  -3  6.449e-01  3.093e-14  3.205e-08] [  315 -173   66]
 NS     70-1    2.423e+03 [   0  1.000e+00  4.767e-14  2.078e-08] [  334 -177   67]
 NS     70-2s   2.430e+03 [  -3  6.603e-01  3.148e-14  3.108e-08] [  305 -173   66]
