# svMultiPhysics boundary integral results file. 
# Quantities represent averaged scalar or flux values over each mesh face.
#        
# Format 
# ------ 
# face areas: [list of mesh face areas]  
# step time [list of mesh face names] 
# [time step] [time] [list of computed values for each mesh face]
face areas:  2.024e-09  5.049e-12  4.356e-12  7.757e-12  4.239e-12 
step   time   WALL  OUTLET_03  OUTLET_01  INLET  OUTLET_02 
 1   1.5040600917e-07  1.9270496752e+03  3.0740150930e+00  1.7797112830e+00  7.7524219478e+03  3.6055970069e+01 
 2   3.0081201834e-07  -7.1604276755e+02  1.1494995312e+00  4.3156109978e-01  -3.3256494091e+03  1.1401702780e+01 
 3   4.5121802751e-07  1.8041942720e+03  2.4622639357e+00  1.3357856698e+00  7.3371180780e+03  2.8301621645e+01 
 4   6.0162403668e-07  -2.1940879967e+02  1.5977612541e+00  7.3744407586e-01  -1.2552926082e+03  1.7024630915e+01 
 5   7.5203004584e-07  1.2508266589e+03  2.1496292965e+00  1.1241968776e+00  5.0027953763e+03  2.4315903176e+01 
 6   9.0243605501e-07  2.4984391321e+02  1.8048163388e+00  8.8096584109e-01  7.3213061675e+02  1.9728681101e+01 
 7   1.0528420642e-06  9.0103356221e+02  2.0166593926e+00  1.0305523833e+00  3.5168021970e+03  2.2553009527e+01 
 8   1.2032480734e-06  4.9144598492e+02  1.8883249893e+00  9.4009488265e-01  1.7615736995e+03  2.0843116133e+01 
 9   1.3536540825e-06  7.4242031050e+02  1.9651303540e+00  9.9408151271e-01  2.8390532025e+03  2.1864449375e+01 
 10   1.5040600917e-06  5.9183873785e+02  1.9196654350e+00  9.6221226435e-01  2.1916039904e+03  2.1261277720e+01 
 11   1.6544661009e-06  6.8062383348e+02  1.9463064512e+00  9.8084412268e-01  2.5738238720e+03  2.1613939676e+01 
 12   1.8048721100e-06  6.2904307792e+02  1.9308420928e+00  9.7004739175e-01  2.3515297481e+03  2.1409630715e+01 
 13   1.9552781192e-06  6.5862989874e+02  1.9397416019e+00  9.7625264611e-01  2.4791672123e+03  2.1526988248e+01 
 14   2.1056841284e-06  6.4184681112e+02  1.9346595809e+00  9.7271321657e-01  2.4066903467e+03  2.1460107562e+01 
 15   2.2560901375e-06  6.5127392534e+02  1.9375418809e+00  9.7471818778e-01  2.4474455963e+03  2.1497947081e+01 
 16   2.4064961467e-06  6.4602471331e+02  1.9359168969e+00  9.7358944859e-01  2.4247253323e+03  2.1476677778e+01 
 17   2.5569021559e-06  6.4892485885e+02  1.9368282590e+00  9.7422141629e-01  2.4372939626e+03  2.1488563773e+01 
 18   2.7073081650e-06  6.4733375351e+02  1.9363194868e+00  9.7386929509e-01  2.4303893127e+03  2.1481955482e+01 
 19   2.8577141742e-06  6.4820116589e+02  1.9366023241e+00  9.7406465027e-01  2.4341585890e+03  2.1485612933e+01 
 20   3.0081201834e-06  6.4773099924e+02  1.9364456985e+00  9.7395668490e-01  2.4321127126e+03  2.1483596774e+01 
 21   3.1585261925e-06  6.4798450795e+02  1.9365321138e+00  9.7401614351e-01  2.4332173371e+03  2.1484704168e+01 
 22   3.3089322017e-06  6.4784847870e+02  1.9364846040e+00  9.7398350582e-01  2.4326238051e+03  2.1484097932e+01 
 23   3.4593382109e-06  6.4792114386e+02  1.9365106351e+00  9.7400136545e-01  2.4329412907e+03  2.1484428788e+01 
 24   3.6097442201e-06  6.4788248868e+02  1.9364964193e+00  9.7399162164e-01  2.4327721726e+03  2.1484248751e+01 
 25   3.7601502292e-06  6.4790297155e+02  1.9365041581e+00  9.7399692235e-01  2.4328619073e+03  2.1484346444e+01 
 26   3.9105562384e-06  6.4789215786e+02  1.9364999580e+00  9.7399404673e-01  2.4328144680e+03  2.1484293576e+01 
 27   4.0609622476e-06  6.4789784696e+02  1.9365022310e+00  9.7399560258e-01  2.4328394608e+03  2.1484322112e+01 
 28   4.2113682567e-06  6.4789486379e+02  1.9365010043e+00  9.7399476295e-01  2.4328263366e+03  2.1484306748e+01 
 29   4.3617742659e-06  6.4789642314e+02  1.9365016647e+00  9.7399521495e-01  2.4328332070e+03  2.1484315000e+01 
 30   4.5121802751e-06  6.4789561049e+02  1.9365013100e+00  9.7399497219e-01  2.4328296210e+03  2.1484310578e+01 
 31   4.6625862842e-06  6.4789603279e+02  1.9365015000e+00  9.7399510228e-01  2.4328314874e+03  2.1484312942e+01 
 32   4.8129922934e-06  6.4789581394e+02  1.9365013984e+00  9.7399503271e-01  2.4328305186e+03  2.1484311681e+01 
 33   4.9633983026e-06  6.4789592706e+02  1.9365014526e+00  9.7399506984e-01  2.4328310202e+03  2.1484312353e+01 
 34   5.1138043117e-06  6.4789586874e+02  1.9365014238e+00  9.7399505006e-01  2.4328307612e+03  2.1484311996e+01 
 35   5.2642103209e-06  6.4789589873e+02  1.9365014391e+00  9.7399506058e-01  2.4328308946e+03  2.1484312185e+01 
 36   5.4146163301e-06  6.4789588334e+02  1.9365014310e+00  9.7399505500e-01  2.4328308260e+03  2.1484312085e+01 
 37   5.5650223392e-06  6.4789589122e+02  1.9365014353e+00  9.7399505796e-01  2.4328308612e+03  2.1484312138e+01 
 38   5.7154283484e-06  6.4789588720e+02  1.9365014330e+00  9.7399505639e-01  2.4328308432e+03  2.1484312110e+01 
 39   5.8658343576e-06  6.4789588925e+02  1.9365014342e+00  9.7399505722e-01  2.4328308524e+03  2.1484312125e+01 
 40   6.0162403668e-06  6.4789588821e+02  1.9365014336e+00  9.7399505678e-01  2.4328308477e+03  2.1484312117e+01 
 41   6.1666463759e-06  6.4789588874e+02  1.9365014339e+00  9.7399505701e-01  2.4328308501e+03  2.1484312121e+01 
 42   6.3170523851e-06  6.4789588847e+02  1.9365014337e+00  9.7399505689e-01  2.4328308489e+03  2.1484312119e+01 
 43   6.4674583943e-06  6.4789588860e+02  1.9365014338e+00  9.7399505695e-01  2.4328308495e+03  2.1484312120e+01 
 44   6.6178644034e-06  6.4789588853e+02  1.9365014338e+00  9.7399505692e-01  2.4328308492e+03  2.1484312119e+01 
 45   6.7682704126e-06  6.4789588857e+02  1.9365014338e+00  9.7399505694e-01  2.4328308494e+03  2.1484312120e+01 
 46   6.9186764218e-06  6.4789588855e+02  1.9365014338e+00  9.7399505693e-01  2.4328308493e+03  2.1484312119e+01 
 47   7.0690824309e-06  6.4789588856e+02  1.9365014338e+00  9.7399505693e-01  2.4328308493e+03  2.1484312120e+01 
 48   7.2194884401e-06  6.4789588856e+02  1.9365014338e+00  9.7399505693e-01  2.4328308493e+03  2.1484312119e+01 
 49   7.3698944493e-06  6.4789588856e+02  1.9365014338e+00  9.7399505693e-01  2.4328308493e+03  2.1484312120e+01 
 50   7.5203004584e-06  6.4789588856e+02  1.9365014338e+00  9.7399505693e-01  2.4328308493e+03  2.1484312119e+01 
 51   7.6707064676e-06  6.4789588856e+02  1.9365014338e+00  9.7399505693e-01  2.4328308493e+03  2.1484312119e+01 
 52   7.8211124768e-06  6.4789588856e+02  1.9365014338e+00  9.7399505693e-01  2.4328308493e+03  2.1484312119e+01 
 53   7.9715184859e-06  6.4789588856e+02  1.9365014338e+00  9.7399505693e-01  2.4328308493e+03  2.1484312119e+01 
 54   8.1219244951e-06  6.4789588856e+02  1.9365014338e+00  9.7399505693e-01  2.4328308493e+03  2.1484312119e+01 
 55   8.2723305043e-06  6.4789588856e+02  1.9365014338e+00  9.7399505693e-01  2.4328308493e+03  2.1484312119e+01 
 56   8.4227365135e-06  6.4789588856e+02  1.9365014338e+00  9.7399505693e-01  2.4328308493e+03  2.1484312119e+01 
 57   8.5731425226e-06  6.4789588856e+02  1.9365014338e+00  9.7399505693e-01  2.4328308493e+03  2.1484312119e+01 
 58   8.7235485318e-06  6.4789588856e+02  1.9365014338e+00  9.7399505693e-01  2.4328308493e+03  2.1484312119e+01 
 59   8.8739545410e-06  6.4789588856e+02  1.9365014338e+00  9.7399505693e-01  2.4328308493e+03  2.1484312119e+01 
 60   9.0243605501e-06  6.4789588856e+02  1.9365014338e+00  9.7399505693e-01  2.4328308493e+03  2.1484312119e+01 
 61   9.1747665593e-06  6.4789588856e+02  1.9365014338e+00  9.7399505693e-01  2.4328308493e+03  2.1484312119e+01 
 62   9.3251725685e-06  6.4789588856e+02  1.9365014338e+00  9.7399505693e-01  2.4328308493e+03  2.1484312119e+01 
 63   9.4755785776e-06  6.4789588856e+02  1.9365014338e+00  9.7399505693e-01  2.4328308493e+03  2.1484312119e+01 
 64   9.6259845868e-06  6.4789588856e+02  1.9365014338e+00  9.7399505693e-01  2.4328308493e+03  2.1484312119e+01 
 65   9.7763905960e-06  6.4789588856e+02  1.9365014338e+00  9.7399505693e-01  2.4328308493e+03  2.1484312119e+01 
 66   9.9267966051e-06  6.4789588856e+02  1.9365014338e+00  9.7399505693e-01  2.4328308493e+03  2.1484312119e+01 
 67   1.0077202614e-05  6.4789588856e+02  1.9365014338e+00  9.7399505693e-01  2.4328308493e+03  2.1484312119e+01 
 68   1.0227608623e-05  6.4789588856e+02  1.9365014338e+00  9.7399505693e-01  2.4328308493e+03  2.1484312119e+01 
 69   1.0378014633e-05  6.4789588856e+02  1.9365014338e+00  9.7399505693e-01  2.4328308493e+03  2.1484312119e+01 
 70   1.0528420642e-05  6.4789588856e+02  1.9365014338e+00  9.7399505693e-01  2.4328308493e+03  2.1484312119e+01 
 71   1.0678826651e-05  6.4789588856e+02  1.9365014338e+00  9.7399505693e-01  2.4328308493e+03  2.1484312119e+01 
