-----------------------------------------------------------------------------------
 Eq      N-i            T    dB      Ri/R1      Ri/R0       R/Ri    lsIt   dB   %t
-----------------------------------------------------------------------------------
 NS      1-1    2.616e+01 [   0  1.000e+00  1.000e+00  9.841e-11] [  703 -230   89]
 NS      1-2    3.634e+01 [ -89  3.262e-05  3.262e-05  9.854e-11] [  565 -230   77]
 NS      1-3    4.647e+01 [-185  5.227e-10  5.227e-10  9.861e-11] [  566 -230   78]
 NS      1-4    5.549e+01 [-263  6.872e-14  6.872e-14  2.520e-09] [  480 -198   74]
 NS      2-1    6.690e+01 [   0  1.000e+00  1.132e+00  9.045e-11] [  649 -231   79]
 NS      2-2    7.690e+01 [ -96  1.522e-05  1.722e-05  9.555e-11] [  553 -231   77]
 NS      2-3    8.775e+01 [-190  2.918e-10  3.302e-10  9.981e-11] [  614 -230   79]
 NS      2-4    9.478e+01 [-273  2.058e-14  2.329e-14  7.279e-09] [  339 -187   68]
 NS      3-1    1.063e+02 [   0  1.000e+00  1.261e+00  9.736e-11] [  661 -231   80]
 NS      3-2    1.175e+02 [-103  6.894e-06  8.695e-06  9.556e-11] [  641 -231   80]
 NS      3-3    1.286e+02 [-199  1.120e-10  1.412e-10  9.823e-11] [  634 -230   79]
 NS      3-4    1.358e+02 [-266  4.606e-14  5.809e-14  2.702e-09] [  346 -197   68]
 NS      4-1    1.481e+02 [   0  1.000e+00  1.093e+00  9.944e-11] [  715 -230   81]
 NS      4-2    1.584e+02 [-107  4.343e-06  4.748e-06  9.838e-11] [  578 -230   78]
 NS      4-3    1.686e+02 [-202  7.096e-11  7.756e-11  9.991e-11] [  565 -230   78]
 NS      5-1    1.809e+02 [   0  1.000e+00  8.300e-01  9.990e-11] [  714 -230   81]
 NS      5-2    1.902e+02 [-109  3.178e-06  2.638e-06  9.602e-11] [  507 -231   76]
 NS      5-3    2.004e+02 [-206  4.982e-11  4.135e-11  9.902e-11] [  563 -230   77]
 NS      6-1    2.184e+02 [   0  1.000e+00  5.818e-01  9.965e-11] [  709 -230   87]
 NS      6-2    2.290e+02 [-111  2.561e-06  1.490e-06  9.961e-11] [  590 -230   78]
 NS      6-3    2.376e+02 [-207  3.987e-11  2.319e-11  9.523e-11] [  451 -231   73]
 NS      7-1    2.480e+02 [   0  1.000e+00  3.864e-01  9.657e-11] [  580 -231   78]
 NS      7-2    2.578e+02 [-112  2.338e-06  9.035e-07  9.987e-11] [  527 -230   76]
 NS      7-3    2.675e+02 [-209  3.489e-11  1.348e-11  9.112e-11] [  535 -231   77]
 NS      8-1    2.803e+02 [   0  1.000e+00  2.467e-01  9.977e-11] [  746 -230   82]
 NS      8-2    2.906e+02 [-113  2.092e-06  5.161e-07  9.926e-11] [  577 -230   78]
 NS      8-3    3.005e+02 [-209  3.247e-11  8.011e-12  9.605e-11] [  541 -231   77]
 NS      9-1    3.121e+02 [   0  1.000e+00  1.529e-01  9.749e-11] [  664 -231   80]
 NS      9-2    3.222e+02 [-113  2.042e-06  3.123e-07  9.798e-11] [  553 -230   77]
 NS      9-3    3.320e+02 [-210  3.120e-11  4.771e-12  9.458e-11] [  538 -231   77]
 NS     10-1    3.436e+02 [   0  1.000e+00  9.254e-02  9.658e-11] [  664 -231   80]
 NS     10-2    3.534e+02 [-114  1.946e-06  1.801e-07  9.995e-11] [  535 -230   77]
 NS     10-3s   3.638e+02 [-210  2.994e-11  2.771e-12  8.674e-11] [  583 -232   78]
 NS     11-1    3.813e+02 [   0  1.000e+00  5.494e-02  9.916e-11] [  612 -230   82]
 NS     11-2    3.914e+02 [-114  1.922e-06  1.056e-07  9.924e-11] [  557 -230   77]
 NS     11-3    4.020e+02 [-210  2.915e-11  1.601e-12  1.022e-10] [  590 -230   78]
 NS     12-1    4.136e+02 [   0  1.000e+00  3.209e-02  9.802e-11] [  662 -230   80]
 NS     12-2    4.236e+02 [-114  1.871e-06  6.004e-08  9.604e-11] [  549 -231   77]
 NS     12-3    4.341e+02 [-210  2.821e-11  9.051e-13  1.871e-10] [  584 -224   78]
 NS     13-1    4.465e+02 [   0  1.000e+00  1.849e-02  9.784e-11] [  722 -230   81]
 NS     13-2    4.566e+02 [-114  1.853e-06  3.426e-08  9.956e-11] [  555 -230   77]
 NS     13-3    4.662e+02 [-211  2.754e-11  5.092e-13  3.278e-10] [  520 -218   76]
 NS     14-1    4.792e+02 [   0  1.000e+00  1.053e-02  9.799e-11] [  761 -230   82]
 NS     14-2    4.893e+02 [-114  1.827e-06  1.924e-08  9.278e-11] [  558 -231   77]
 NS     14-3    4.989e+02 [-211  2.700e-11  2.843e-13  5.897e-10] [  525 -213   76]
 NS     15-1    5.108e+02 [   0  1.000e+00  5.936e-03  9.834e-11] [  684 -230   80]
 NS     15-2    5.204e+02 [-114  1.817e-06  1.078e-08  9.954e-11] [  521 -230   76]
 NS     15-3    5.298e+02 [-211  2.694e-11  1.599e-13  1.078e-09] [  510 -206   76]
 NS     16-1    5.483e+02 [   0  1.000e+00  3.316e-03  9.972e-11] [  748 -230   87]
 NS     16-2    5.583e+02 [-114  1.806e-06  5.989e-09  9.999e-11] [  547 -230   77]
 NS     16-3    5.679e+02 [-211  2.799e-11  9.281e-14  1.857e-09] [  523 -201   76]
 NS     17-1    5.794e+02 [   0  1.000e+00  1.838e-03  9.219e-11] [  649 -231   79]
 NS     17-2    5.888e+02 [-114  1.802e-06  3.313e-09  9.589e-11] [  506 -231   76]
 NS     17-3    5.974e+02 [-209  3.202e-11  5.884e-14  2.746e-09] [  453 -197   73]
 NS     18-1    6.094e+02 [   0  1.000e+00  1.011e-03  9.881e-11] [  690 -230   81]
 NS     18-2    6.187e+02 [-114  1.801e-06  1.821e-09  9.339e-11] [  502 -231   75]
 NS     18-3    6.277e+02 [-207  4.345e-11  4.394e-14  3.970e-09] [  476 -193   75]
 NS     19-1    6.396e+02 [   0  1.000e+00  5.529e-04  9.973e-11] [  686 -230   81]
 NS     19-2    6.493e+02 [-114  1.803e-06  9.970e-10  9.976e-11] [  533 -230   77]
 NS     19-3    6.579e+02 [-203  6.907e-11  3.819e-14  4.366e-09] [  448 -192   73]
 NS     20-1    6.699e+02 [   0  1.000e+00  3.005e-04  9.985e-11] [  692 -230   81]
 NS     20-2    6.793e+02 [-114  1.808e-06  5.432e-10  9.579e-11] [  509 -231   76]
 NS     20-3s   6.881e+02 [-198  1.219e-10  3.663e-14  4.685e-09] [  458 -192   74]
 NS     21-1    7.068e+02 [   0  1.000e+00  1.624e-04  9.966e-11] [  705 -230   84]
 NS     21-2    7.170e+02 [-114  1.815e-06  2.948e-10  9.665e-11] [  566 -231   78]
 NS     21-3    7.257e+02 [-193  2.216e-10  3.599e-14  4.806e-09] [  454 -192   74]
 NS     22-1    7.381e+02 [   0  1.000e+00  8.739e-05  9.897e-11] [  719 -230   81]
 NS     22-2    7.486e+02 [-114  1.824e-06  1.594e-10  9.968e-11] [  590 -230   78]
 NS     22-3    7.572e+02 [-187  4.119e-10  3.599e-14  4.686e-09] [  450 -192   73]
 NS     23-1    7.691e+02 [   0  1.000e+00  4.679e-05  9.638e-11] [  684 -231   80]
 NS     23-2    7.792e+02 [-114  1.835e-06  8.586e-11  9.657e-11] [  555 -231   77]
 NS     24-1    7.910e+02 [   0  1.000e+00  2.495e-05  9.678e-11] [  677 -231   80]
 NS     24-2    8.005e+02 [-114  1.847e-06  4.610e-11  9.914e-11] [  516 -230   76]
 NS     25-1    8.125e+02 [   0  1.000e+00  1.325e-05  9.945e-11] [  690 -230   80]
 NS     25-2    8.226e+02 [-114  1.862e-06  2.467e-11  9.546e-11] [  556 -231   77]
 NS     26-1    8.398e+02 [   0  1.000e+00  7.012e-06  9.539e-11] [  650 -231   87]
 NS     26-2    8.492e+02 [-114  1.878e-06  1.317e-11  9.708e-11] [  506 -231   76]
 NS     27-1    8.607e+02 [   0  1.000e+00  3.697e-06  9.985e-11] [  656 -230   80]
 NS     27-2    8.698e+02 [-114  1.895e-06  7.008e-12  9.624e-11] [  488 -231   75]
 NS     28-1    8.812e+02 [   0  1.000e+00  1.943e-06  9.696e-11] [  650 -231   80]
 NS     28-2    8.915e+02 [-114  1.915e-06  3.721e-12  9.789e-11] [  569 -230   77]
 NS     29-1    9.040e+02 [   0  1.000e+00  1.018e-06  9.720e-11] [  724 -231   81]
 NS     29-2    9.141e+02 [-114  1.936e-06  1.971e-12  9.312e-11] [  557 -231   77]
 NS     30-1    9.259e+02 [   0  1.000e+00  5.319e-07  9.976e-11] [  672 -230   80]
 NS     30-2s   9.352e+02 [-114  1.960e-06  1.042e-12  1.630e-10] [  503 -225   75]
 NS     31-1    9.545e+02 [   0  1.000e+00  2.771e-07  9.928e-11] [  735 -230   84]
 NS     31-2    9.645e+02 [-114  1.987e-06  5.505e-13  3.142e-10] [  550 -219   77]
 NS     32-1    9.763e+02 [   0  1.000e+00  1.439e-07  9.877e-11] [  676 -230   80]
 NS     32-2    9.856e+02 [-113  2.023e-06  2.912e-13  5.916e-10] [  502 -212   76]
 NS     33-1    9.961e+02 [   0  1.000e+00  7.459e-08  9.578e-11] [  580 -231   78]
 NS     33-2    1.005e+03 [-113  2.084e-06  1.554e-13  1.106e-09] [  455 -206   74]
 NS     34-1    1.016e+03 [   0  1.000e+00  3.856e-08  9.770e-11] [  671 -230   80]
 NS     34-2    1.025e+03 [-113  2.232e-06  8.605e-14  1.985e-09] [  448 -200   73]
 NS     35-1    1.036e+03 [   0  1.000e+00  1.989e-08  9.900e-11] [  589 -230   78]
 NS     35-2    1.044e+03 [-111  2.652e-06  5.274e-14  3.296e-09] [  417 -195   72]
 NS     36-1    1.062e+03 [   0  1.000e+00  1.023e-08  9.802e-11] [  733 -230   87]
 NS     36-2    1.070e+03 [-108  3.825e-06  3.913e-14  4.403e-09] [  418 -192   72]
 NS     37-1    1.082e+03 [   0  1.000e+00  5.253e-09  9.723e-11] [  668 -231   80]
 NS     37-2    1.090e+03 [-103  6.537e-06  3.434e-14  5.062e-09] [  391 -191   71]
 NS     38-1    1.102e+03 [   0  1.000e+00  2.691e-09  9.877e-11] [  672 -230   80]
 NS     38-2    1.109e+03 [ -98  1.228e-05  3.305e-14  5.037e-09] [  354 -191   68]
 NS     39-1    1.121e+03 [   0  1.000e+00  1.376e-09  9.944e-11] [  709 -230   81]
 NS     39-2    1.128e+03 [ -92  2.348e-05  3.231e-14  5.340e-09] [  343 -190   68]
 NS     40-1    1.140e+03 [   0  1.000e+00  7.022e-10  9.862e-11] [  678 -230   80]
 NS     40-2s   1.148e+03 [ -86  4.591e-05  3.224e-14  5.340e-09] [  422 -190   72]
 NS     41-1    1.166e+03 [   0  1.000e+00  3.576e-10  9.897e-11] [  650 -230   83]
 NS     41-2    1.174e+03 [ -80  9.050e-05  3.237e-14  5.258e-09] [  359 -191   69]
 NS     42-1    1.186e+03 [   0  1.000e+00  1.818e-10  9.660e-11] [  749 -231   82]
 NS     42-2    1.194e+03 [ -75  1.771e-04  3.219e-14  5.297e-09] [  383 -191   70]
 NS     43-1    1.207e+03 [   0  1.000e+00  9.226e-11  9.868e-11] [  746 -230   82]
 NS     43-2    1.214e+03 [ -69  3.479e-04  3.210e-14  5.423e-09] [  365 -190   69]
 NS     44-1    1.227e+03 [   0  1.000e+00  4.673e-11  9.686e-11] [  731 -231   81]
 NS     44-2    1.234e+03 [ -63  6.890e-04  3.220e-14  5.289e-09] [  341 -191   68]
 NS     45-1    1.246e+03 [   0  1.000e+00  2.363e-11  9.938e-11] [  685 -230   80]
 NS     45-2    1.253e+03 [ -57  1.347e-03  3.183e-14  5.270e-09] [  355 -191   68]
 NS     46-1    1.271e+03 [   0  1.000e+00  1.193e-11  9.961e-11] [  712 -230   87]
 NS     46-2    1.279e+03 [ -51  2.655e-03  3.168e-14  5.475e-09] [  351 -190   68]
 NS     47-1    1.291e+03 [   0  1.000e+00  6.014e-12  9.877e-11] [  720 -230   81]
 NS     47-2    1.300e+03 [ -45  5.270e-03  3.169e-14  5.460e-09] [  441 -190   73]
 NS     48-1    1.311e+03 [   0  1.000e+00  3.027e-12  9.921e-11] [  672 -230   80]
 NS     48-2    1.319e+03 [ -39  1.056e-02  3.197e-14  5.439e-09] [  376 -190   70]
 NS     49-1    1.331e+03 [   0  1.000e+00  1.522e-12  1.139e-10] [  719 -229   81]
 NS     49-2    1.340e+03 [ -33  2.071e-02  3.152e-14  5.533e-09] [  451 -190   74]
 NS     50-1    1.351e+03 [   0  1.000e+00  7.647e-13  2.175e-10] [  668 -222   80]
 NS     50-2s   1.359e+03 [ -27  4.150e-02  3.174e-14  5.474e-09] [  364 -190   69]
 NS     51-1    1.377e+03 [   0  1.000e+00  3.852e-13  4.456e-10] [  647 -215   83]
 NS     51-2    1.385e+03 [ -21  8.192e-02  3.156e-14  5.366e-09] [  385 -190   70]
 NS     52-1    1.396e+03 [   0  1.000e+00  1.975e-13  8.639e-10] [  654 -209   80]
 NS     52-2    1.403e+03 [ -15  1.598e-01  3.156e-14  5.505e-09] [  328 -190   67]
 NS     53-1    1.413e+03 [   0  1.000e+00  1.074e-13  1.602e-09] [  553 -203   77]
 NS     53-2    1.421e+03 [ -10  2.919e-01  3.135e-14  5.513e-09] [  387 -190   71]
 NS     54-1    1.431e+03 [   0  1.000e+00  6.910e-14  2.374e-09] [  533 -199   76]
 NS     54-2    1.439e+03 [  -6  4.608e-01  3.184e-14  5.431e-09] [  414 -190   72]
 NS     55-1    1.449e+03 [   0  1.000e+00  5.536e-14  2.897e-09] [  536 -197   76]
 NS     55-2    1.456e+03 [  -4  5.704e-01  3.158e-14  5.532e-09] [  388 -190   70]
 NS     56-1    1.472e+03 [   0  1.000e+00  5.039e-14  3.430e-09] [  523 -195   85]
 NS     56-2    1.478e+03 [  -4  6.232e-01  3.140e-14  5.401e-09] [  276 -190   63]
 NS     57-1    1.487e+03 [   0  1.000e+00  4.790e-14  3.610e-09] [  501 -194   75]
 NS     57-2    1.494e+03 [  -3  6.462e-01  3.095e-14  5.649e-09] [  324 -190   67]
 NS     58-1    1.502e+03 [   0  1.000e+00  4.759e-14  3.597e-09] [  383 -194   70]
 NS     58-2    1.509e+03 [  -3  6.522e-01  3.104e-14  5.583e-09] [  366 -190   69]
 NS     59-1    1.518e+03 [   0  1.000e+00  4.804e-14  3.481e-09] [  468 -195   74]
 NS     59-2    1.525e+03 [  -3  6.537e-01  3.141e-14  5.304e-09] [  347 -191   68]
 NS     60-1    1.534e+03 [   0  1.000e+00  4.804e-14  3.616e-09] [  445 -194   73]
 NS     60-2s   1.541e+03 [  -3  6.544e-01  3.144e-14  5.422e-09] [  338 -190   68]
 NS     61-1    1.556e+03 [   0  1.000e+00  4.839e-14  3.582e-09] [  442 -194   80]
 NS     61-2    1.564e+03 [  -3  6.566e-01  3.177e-14  5.091e-09] [  363 -191   69]
 NS     62-1    1.572e+03 [   0  1.000e+00  4.974e-14  3.334e-09] [  461 -195   74]
 NS     62-2    1.581e+03 [  -4  6.258e-01  3.113e-14  5.552e-09] [  446 -190   73]
 NS     63-1    1.588e+03 [   0  1.000e+00  4.920e-14  3.505e-09] [  366 -195   69]
 NS     63-2    1.597e+03 [  -3  6.389e-01  3.143e-14  5.553e-09] [  412 -190   72]
 NS     64-1    1.604e+03 [   0  1.000e+00  4.940e-14  3.519e-09] [  351 -195   68]
 NS     64-2    1.611e+03 [  -4  6.253e-01  3.089e-14  5.587e-09] [  351 -190   68]
 NS     65-1    1.619e+03 [   0  1.000e+00  4.945e-14  3.492e-09] [  413 -195   71]
 NS     65-2    1.626e+03 [  -3  6.329e-01  3.130e-14  5.149e-09] [  360 -191   69]
 NS     66-1    1.641e+03 [   0  1.000e+00  5.030e-14  3.478e-09] [  424 -195   83]
 NS     66-2    1.649e+03 [  -4  6.183e-01  3.110e-14  5.547e-09] [  442 -190   73]
 NS     67-1    1.658e+03 [   0  1.000e+00  5.049e-14  3.214e-09] [  454 -196   73]
 NS     67-2    1.666e+03 [  -4  6.209e-01  3.135e-14  5.518e-09] [  379 -190   70]
 NS     68-1    1.674e+03 [   0  1.000e+00  4.948e-14  3.510e-09] [  445 -195   73]
 NS     68-2    1.682e+03 [  -3  6.379e-01  3.156e-14  5.537e-09] [  364 -190   69]
 NS     69-1    1.690e+03 [   0  1.000e+00  4.793e-14  3.475e-09] [  451 -195   73]
 NS     69-2    1.698e+03 [  -3  6.339e-01  3.038e-14  5.581e-09] [  366 -190   69]
 NS     70-1    1.705e+03 [   0  1.000e+00  4.745e-14  3.525e-09] [  350 -195   68]
 NS     70-2s   1.713e+03 [  -4  6.288e-01  2.984e-14  5.757e-09] [  380 -190   70]
 NS     71-1    1.728e+03 [   0  1.000e+00  4.733e-14  3.507e-09] [  449 -195   80]
 NS     71-2    1.734e+03 [  -3  6.560e-01  3.105e-14  5.483e-09] [  278 -190   63]
