-----------------------------------------------------------------------------------
 Eq      N-i            T    dB      Ri/R1      Ri/R0       R/Ri    lsIt   dB   %t
-----------------------------------------------------------------------------------
 NS     61-1    2.294e+03 [   0  1.000e+00  4.754e-14  2.084e-08] [  324 -177    1]
 NS     61-2    2.307e+03 [  -3  6.505e-01  3.092e-14  2.974e-08] [  330 -173   82]
 NS     62-1    2.319e+03 [   0  1.000e+00  4.657e-14  2.125e-08] [  305 -177   81]
 NS     62-2    2.332e+03 [  -3  6.692e-01  3.117e-14  3.096e-08] [  357 -173   83]
 NS     63-1    2.345e+03 [   0  1.000e+00  4.797e-14  1.925e-08] [  343 -178   82]
 NS     63-2    2.357e+03 [  -3  6.548e-01  3.141e-14  3.153e-08] [  303 -173   82]
 NS     64-1    2.370e+03 [   0  1.000e+00  4.873e-14  2.029e-08] [  364 -177   83]
 NS     64-2    2.383e+03 [  -3  6.391e-01  3.114e-14  3.133e-08] [  336 -173   83]
 NS     65-1    2.396e+03 [   0  1.000e+00  4.822e-14  2.022e-08] [  332 -177   82]
 NS     65-2    2.407e+03 [  -3  6.481e-01  3.125e-14  2.914e-08] [  262 -174   81]
 NS     66-1    2.419e+03 [   0  1.000e+00  4.881e-14  1.971e-08] [  254 -177   80]
 NS     66-2    2.431e+03 [  -4  6.142e-01  2.998e-14  3.120e-08] [  267 -173   81]
 NS     67-1    2.443e+03 [   0  1.000e+00  4.701e-14  2.076e-08] [  283 -177   81]
 NS     67-2    2.456e+03 [  -3  6.384e-01  3.001e-14  3.217e-08] [  356 -173   83]
 NS     68-1    2.469e+03 [   0  1.000e+00  4.808e-14  2.051e-08] [  386 -177   83]
 NS     68-2    2.482e+03 [  -3  6.499e-01  3.125e-14  3.150e-08] [  311 -173   82]
 NS     69-1    2.495e+03 [   0  1.000e+00  4.779e-14  2.008e-08] [  339 -177   82]
 NS     69-2    2.507e+03 [  -3  6.535e-01  3.123e-14  3.161e-08] [  341 -173   83]
 NS     70-1    2.519e+03 [   0  1.000e+00  4.824e-14  2.054e-08] [  255 -177   80]
 NS     70-2s   2.532e+03 [  -4  6.294e-01  3.036e-14  3.218e-08] [  384 -173   83]
