# svMultiPhysics boundary integral results file. 
# Quantities represent averaged scalar or flux values over each mesh face.
#        
# Format 
# ------ 
# face areas: [list of mesh face areas]  
# step time [list of mesh face names] 
# [time step] [time] [list of computed values for each mesh face]
face areas:  1.167e-03  1.222e-06  1.057e-06  1.113e-06  1.207e-06 
step   time   WALL  OUTLET_03  OUTLET_01  INLET  OUTLET_02 
 1   1.0000000000e-02  0.0000000000e+00  1.0000000000e-07  1.0000000000e-07  -3.0000000000e-07  1.5000000000e-07 
 2   2.0000000000e-02  0.0000000000e+00  1.0000000000e-07  1.0000000000e-07  -3.0000000000e-07  7.5000000000e-08 
 3   3.0000000000e-02  0.0000000000e+00  1.0000000000e-07  1.0000000000e-07  -3.0000000000e-07  1.1250000000e-07 
 4   4.0000000000e-02  0.0000000000e+00  1.0000000000e-07  1.0000000000e-07  -3.0000000000e-07  9.3750000000e-08 
 5   5.0000000000e-02  0.0000000000e+00  1.0000000000e-07  1.0000000000e-07  -3.0000000000e-07  1.0312500000e-07 
 6   6.0000000000e-02  0.0000000000e+00  1.0000000000e-07  1.0000000000e-07  -3.0000000000e-07  9.8437500000e-08 
 7   7.0000000000e-02  0.0000000000e+00  1.0000000000e-07  1.0000000000e-07  -3.0000000000e-07  1.0078125000e-07 
 8   8.0000000000e-02  0.0000000000e+00  1.0000000000e-07  1.0000000000e-07  -3.0000000000e-07  9.9609375000e-08 
 9   9.0000000000e-02  0.0000000000e+00  1.0000000000e-07  1.0000000000e-07  -3.0000000000e-07  1.0019531250e-07 
 10   1.0000000000e-01  0.0000000000e+00  1.0000000000e-07  1.0000000000e-07  -3.0000000000e-07  9.9902343750e-08 
 11   1.1000000000e-01  0.0000000000e+00  1.0000000000e-07  1.0000000000e-07  -3.0000000000e-07  1.0004882812e-07 
 12   1.2000000000e-01  0.0000000000e+00  1.0000000000e-07  1.0000000000e-07  -3.0000000000e-07  9.9975585938e-08 
 13   1.3000000000e-01  0.0000000000e+00  1.0000000000e-07  1.0000000000e-07  -3.0000000000e-07  1.0001220703e-07 
 14   1.4000000000e-01  0.0000000000e+00  1.0000000000e-07  1.0000000000e-07  -3.0000000000e-07  9.9993896484e-08 
 15   1.5000000000e-01  0.0000000000e+00  1.0000000000e-07  1.0000000000e-07  -3.0000000000e-07  1.0000305176e-07 
 16   1.6000000000e-01  0.0000000000e+00  1.0000000000e-07  1.0000000000e-07  -3.0000000000e-07  9.9998474121e-08 
 17   1.7000000000e-01  0.0000000000e+00  1.0000000000e-07  1.0000000000e-07  -3.0000000000e-07  1.0000076294e-07 
 18   1.8000000000e-01  0.0000000000e+00  1.0000000000e-07  1.0000000000e-07  -3.0000000000e-07  9.9999618530e-08 
 19   1.9000000000e-01  0.0000000000e+00  1.0000000000e-07  1.0000000000e-07  -3.0000000000e-07  1.0000019073e-07 
 20   2.0000000000e-01  0.0000000000e+00  1.0000000000e-07  1.0000000000e-07  -3.0000000000e-07  9.9999904633e-08 
 21   2.1000000000e-01  0.0000000000e+00  1.0000000000e-07  1.0000000000e-07  -3.0000000000e-07  1.0000004768e-07 
 22   2.2000000000e-01  0.0000000000e+00  1.0000000000e-07  1.0000000000e-07  -3.0000000000e-07  9.9999976158e-08 
 23   2.3000000000e-01  0.0000000000e+00  1.0000000000e-07  1.0000000000e-07  -3.0000000000e-07  1.0000001192e-07 
 24   2.4000000000e-01  0.0000000000e+00  1.0000000000e-07  1.0000000000e-07  -3.0000000000e-07  9.9999994040e-08 
 25   2.5000000000e-01  0.0000000000e+00  1.0000000000e-07  1.0000000000e-07  -3.0000000000e-07  1.0000000298e-07 
 26   2.6000000000e-01  0.0000000000e+00  1.0000000000e-07  1.0000000000e-07  -3.0000000000e-07  9.9999998510e-08 
 27   2.7000000000e-01  0.0000000000e+00  1.0000000000e-07  1.0000000000e-07  -3.0000000000e-07  1.0000000075e-07 
 28   2.8000000000e-01  0.0000000000e+00  1.0000000000e-07  1.0000000000e-07  -3.0000000000e-07  9.9999999627e-08 
 29   2.9000000000e-01  0.0000000000e+00  1.0000000000e-07  1.0000000000e-07  -3.0000000000e-07  1.0000000019e-07 
 30   3.0000000000e-01  0.0000000000e+00  1.0000000000e-07  1.0000000000e-07  -3.0000000000e-07  9.9999999907e-08 
 31   3.1000000000e-01  0.0000000000e+00  1.0000000000e-07  1.0000000000e-07  -3.0000000000e-07  1.0000000005e-07 
 32   3.2000000000e-01  0.0000000000e+00  1.0000000000e-07  1.0000000000e-07  -3.0000000000e-07  9.9999999977e-08 
 33   3.3000000000e-01  0.0000000000e+00  1.0000000000e-07  1.0000000000e-07  -3.0000000000e-07  1.0000000001e-07 
 34   3.4000000000e-01  0.0000000000e+00  1.0000000000e-07  1.0000000000e-07  -3.0000000000e-07  9.9999999994e-08 
 35   3.5000000000e-01  0.0000000000e+00  1.0000000000e-07  1.0000000000e-07  -3.0000000000e-07  1.0000000000e-07 
 36   3.6000000000e-01  0.0000000000e+00  1.0000000000e-07  1.0000000000e-07  -3.0000000000e-07  9.9999999999e-08 
 37   3.7000000000e-01  0.0000000000e+00  1.0000000000e-07  1.0000000000e-07  -3.0000000000e-07  1.0000000000e-07 
 38   3.8000000000e-01  0.0000000000e+00  1.0000000000e-07  1.0000000000e-07  -3.0000000000e-07  1.0000000000e-07 
 39   3.9000000000e-01  0.0000000000e+00  1.0000000000e-07  1.0000000000e-07  -3.0000000000e-07  1.0000000000e-07 
 40   4.0000000000e-01  0.0000000000e+00  1.0000000000e-07  1.0000000000e-07  -3.0000000000e-07  1.0000000000e-07 
 41   4.1000000000e-01  0.0000000000e+00  1.0000000000e-07  1.0000000000e-07  -3.0000000000e-07  1.0000000000e-07 
 42   4.2000000000e-01  0.0000000000e+00  1.0000000000e-07  1.0000000000e-07  -3.0000000000e-07  1.0000000000e-07 
 43   4.3000000000e-01  0.0000000000e+00  1.0000000000e-07  1.0000000000e-07  -3.0000000000e-07  1.0000000000e-07 
 44   4.4000000000e-01  0.0000000000e+00  1.0000000000e-07  1.0000000000e-07  -3.0000000000e-07  1.0000000000e-07 
 45   4.5000000000e-01  0.0000000000e+00  1.0000000000e-07  1.0000000000e-07  -3.0000000000e-07  1.0000000000e-07 
 46   4.6000000000e-01  0.0000000000e+00  1.0000000000e-07  1.0000000000e-07  -3.0000000000e-07  1.0000000000e-07 
 47   4.7000000000e-01  0.0000000000e+00  1.0000000000e-07  1.0000000000e-07  -3.0000000000e-07  1.0000000000e-07 
 48   4.8000000000e-01  0.0000000000e+00  1.0000000000e-07  1.0000000000e-07  -3.0000000000e-07  1.0000000000e-07 
 49   4.9000000000e-01  0.0000000000e+00  1.0000000000e-07  1.0000000000e-07  -3.0000000000e-07  1.0000000000e-07 
 50   5.0000000000e-01  0.0000000000e+00  1.0000000000e-07  1.0000000000e-07  -3.0000000000e-07  1.0000000000e-07 
 51   5.1000000000e-01  0.0000000000e+00  1.0000000000e-07  1.0000000000e-07  -3.0000000000e-07  1.0000000000e-07 
 52   5.2000000000e-01  0.0000000000e+00  1.0000000000e-07  1.0000000000e-07  -3.0000000000e-07  1.0000000000e-07 
 53   5.3000000000e-01  0.0000000000e+00  1.0000000000e-07  1.0000000000e-07  -3.0000000000e-07  1.0000000000e-07 
 54   5.4000000000e-01  0.0000000000e+00  1.0000000000e-07  1.0000000000e-07  -3.0000000000e-07  1.0000000000e-07 
 55   5.5000000000e-01  0.0000000000e+00  1.0000000000e-07  1.0000000000e-07  -3.0000000000e-07  1.0000000000e-07 
 56   5.6000000000e-01  0.0000000000e+00  1.0000000000e-07  1.0000000000e-07  -3.0000000000e-07  1.0000000000e-07 
 57   5.7000000000e-01  0.0000000000e+00  1.0000000000e-07  1.0000000000e-07  -3.0000000000e-07  1.0000000000e-07 
 58   5.8000000000e-01  0.0000000000e+00  1.0000000000e-07  1.0000000000e-07  -3.0000000000e-07  1.0000000000e-07 
 59   5.9000000000e-01  0.0000000000e+00  1.0000000000e-07  1.0000000000e-07  -3.0000000000e-07  1.0000000000e-07 
 60   6.0000000000e-01  0.0000000000e+00  1.0000000000e-07  1.0000000000e-07  -3.0000000000e-07  1.0000000000e-07 
 61   6.1000000000e-01  0.0000000000e+00  1.0000000000e-07  1.0000000000e-07  -3.0000000000e-07  1.0000000000e-07 
 62   6.2000000000e-01  0.0000000000e+00  1.0000000000e-07  1.0000000000e-07  -3.0000000000e-07  1.0000000000e-07 
 63   6.3000000000e-01  0.0000000000e+00  1.0000000000e-07  1.0000000000e-07  -3.0000000000e-07  1.0000000000e-07 
 64   6.4000000000e-01  0.0000000000e+00  1.0000000000e-07  1.0000000000e-07  -3.0000000000e-07  1.0000000000e-07 
 65   6.5000000000e-01  0.0000000000e+00  1.0000000000e-07  1.0000000000e-07  -3.0000000000e-07  1.0000000000e-07 
 66   6.6000000000e-01  0.0000000000e+00  1.0000000000e-07  1.0000000000e-07  -3.0000000000e-07  1.0000000000e-07 
 67   6.7000000000e-01  0.0000000000e+00  1.0000000000e-07  1.0000000000e-07  -3.0000000000e-07  1.0000000000e-07 
 68   6.8000000000e-01  0.0000000000e+00  1.0000000000e-07  1.0000000000e-07  -3.0000000000e-07  1.0000000000e-07 
 69   6.9000000000e-01  0.0000000000e+00  1.0000000000e-07  1.0000000000e-07  -3.0000000000e-07  1.0000000000e-07 
 70   7.0000000000e-01  0.0000000000e+00  1.0000000000e-07  1.0000000000e-07  -3.0000000000e-07  1.0000000000e-07 
 71   7.1000000000e-01  0.0000000000e+00  1.0000000000e-07  1.0000000000e-07  -3.0000000000e-07  1.0000000000e-07 
