# svMultiPhysics boundary integral results file. 
# Quantities represent averaged scalar or flux values over each mesh face.
#        
# Format 
# ------ 
# face areas: [list of mesh face areas]  
# step time [list of mesh face names] 
# [time step] [time] [list of computed values for each mesh face]
face areas:  1.167e-03  1.222e-06  1.057e-06  1.113e-06  1.207e-06 
step   time   WALL  OUTLET_03  OUTLET_01  INLET  OUTLET_02 
 1   1.0000000000e-02  5.6764692691e+03  1.3812070223e+02  3.7799402989e+03  1.7088222639e+04  2.1394121720e+00 
 2   2.0000000000e-02  -4.6739122296e+03  -1.1277218118e+02  -3.1810201736e+03  -1.3950337114e+04  -3.7464470305e-01 
 3   3.0000000000e-02  5.6660374674e+03  1.3124740951e+02  3.7832101298e+03  1.7072672371e+04  1.7321354205e+00 
 4   4.0000000000e-02  -2.7192575016e+03  -6.7226236285e+01  -1.8737820601e+03  -8.0677032419e+03  1.5995191444e-01 
 5   5.0000000000e-02  3.3790232866e+03  7.6893892667e+01  2.2503329509e+03  1.0193974658e+04  1.2728828365e+00 
 6   6.0000000000e-02  -7.5830111801e+02  -2.0604303109e+01  -5.5465672345e+02  -2.1837532088e+03  5.2053044151e-01 
 7   7.0000000000e-02  1.9098403396e+03  4.2126731192e+01  1.2578105267e+03  5.7933856391e+03  1.0127771272e+00 
 8   8.0000000000e-02  2.5518318103e+02  3.3390527789e+00  1.3202874003e+02  8.4897293589e+02  7.0033122237e-01 
 9   9.0000000000e-02  1.2500277627e+03  2.6572102731e+01  8.0988340468e+02  3.8199801736e+03  8.9435423081e-01 
 10   1.0000000000e-01  6.6659952529e+02  1.2984360730e+01  4.1167238134e+02  2.0789292581e+03  7.7610484381e-01 
 11   1.1000000000e-01  1.0018174924e+03  2.0781259383e+01  6.4101560644e+02  3.0783489312e+03  8.4708167023e-01 
 12   1.2000000000e-01  8.1253815954e+02  1.6381562059e+01  5.1112519579e+02  2.5146218437e+03  8.0506858203e-01 
 13   1.3000000000e-01  9.1778389116e+02  1.8824915719e+01  5.8357981971e+02  2.8277458294e+03  8.2963015863e-01 
 14   1.4000000000e-01  8.6006739124e+02  1.7487440002e+01  5.4372688834e+02  2.6561967200e+03  8.1542934170e-01 
 15   1.5000000000e-01  8.9132599373e+02  1.8210898363e+01  5.6537251070e+02  2.7490193999e+03  8.2356188135e-01 
 16   1.6000000000e-01  8.7458809538e+02  1.7823493618e+01  5.5374838577e+02  2.6993619732e+03  8.1894222185e-01 
 17   1.7000000000e-01  8.8345671819e+02  1.8028810596e+01  5.5992495245e+02  2.7256495333e+03  8.2154842252e-01 
 18   1.8000000000e-01  8.7880385369e+02  1.7921274459e+01  5.5667609243e+02  2.7118694095e+03  8.2008701020e-01 
 19   1.9000000000e-01  8.8122266628e+02  1.7976979638e+01  5.5836935151e+02  2.7190271240e+03  8.2090168972e-01 
 20   2.0000000000e-01  8.7997565643e+02  1.7948261380e+01  5.5749348725e+02  2.7153407687e+03  8.2045030325e-01 
 21   2.1000000000e-01  8.8061370663e+02  1.7963115332e+01  5.5794383255e+02  2.7172242695e+03  8.2069889298e-01 
 22   2.2000000000e-01  8.8028959490e+02  1.7955417443e+01  5.5771358952e+02  2.7162692291e+03  8.2056269544e-01 
 23   2.3000000000e-01  8.8045300514e+02  1.7959353968e+01  5.5783047133e+02  2.7167498375e+03  8.2063702605e-01 
 24   2.4000000000e-01  8.8037127246e+02  1.7957400494e+01  5.5777169861e+02  2.7165098095e+03  8.2059658986e-01 
 25   2.5000000000e-01  8.8041182303e+02  1.7958340765e+01  5.5780092167e+02  2.7166287968e+03  8.2061850779e-01 
 26   2.6000000000e-01  8.8039185104e+02  1.7957891539e+01  5.5778653773e+02  2.7165702189e+03  8.2060667824e-01 
 27   2.7000000000e-01  8.8040163267e+02  1.7958113058e+01  5.5779358329e+02  2.7165988817e+03  8.2061303776e-01 
 28   2.8000000000e-01  8.8039685983e+02  1.7957996751e+01  5.5779012345e+02  2.7165849317e+03  8.2060962730e-01 
 29   2.9000000000e-01  8.8039918059e+02  1.7958060898e+01  5.5779183111e+02  2.7165916846e+03  8.2061145400e-01 
 30   3.0000000000e-01  8.8039805951e+02  1.7958026354e+01  5.5779099210e+02  2.7165884375e+03  8.2061047740e-01 
 31   3.1000000000e-01  8.8039859463e+02  1.7958042753e+01  5.5779139472e+02  2.7165899855e+03  8.2061099732e-01 
 32   3.2000000000e-01  8.8039834281e+02  1.7958036481e+01  5.5779120817e+02  2.7165892538e+03  8.2061072219e-01 
 33   3.3000000000e-01  8.8039846056e+02  1.7958038443e+01  5.5779129326e+02  2.7165895982e+03  8.2061086709e-01 
 34   3.4000000000e-01  8.8039840492e+02  1.7958037626e+01  5.5779125285e+02  2.7165894356e+03  8.2061079080e-01 
 35   3.5000000000e-01  8.8039843172e+02  1.7958038270e+01  5.5779127361e+02  2.7165895127e+03  8.2061083112e-01 
 36   3.6000000000e-01  8.8039841881e+02  1.7958037788e+01  5.5779126270e+02  2.7165894764e+03  8.2061080975e-01 
 37   3.7000000000e-01  8.8039842477e+02  1.7958038061e+01  5.5779126789e+02  2.7165894930e+03  8.2061082104e-01 
 38   3.8000000000e-01  8.8039842221e+02  1.7958037912e+01  5.5779126592e+02  2.7165894858e+03  8.2061081512e-01 
 39   3.9000000000e-01  8.8039842326e+02  1.7958038016e+01  5.5779126643e+02  2.7165894889e+03  8.2061081821e-01 
 40   4.0000000000e-01  8.8039842280e+02  1.7958037951e+01  5.5779126634e+02  2.7165894875e+03  8.2061081659e-01 
 41   4.1000000000e-01  8.8039842304e+02  1.7958037965e+01  5.5779126644e+02  2.7165894882e+03  8.2061081745e-01 
 42   4.2000000000e-01  8.8039842290e+02  1.7958037985e+01  5.5779126628e+02  2.7165894878e+03  8.2061081700e-01 
 43   4.3000000000e-01  8.8039842299e+02  1.7958037964e+01  5.5779126643e+02  2.7165894880e+03  8.2061081723e-01 
 44   4.4000000000e-01  8.8039842294e+02  1.7958037968e+01  5.5779126634e+02  2.7165894879e+03  8.2061081711e-01 
 45   4.5000000000e-01  8.8039842296e+02  1.7958037975e+01  5.5779126636e+02  2.7165894879e+03  8.2061081717e-01 
 46   4.6000000000e-01  8.8039842296e+02  1.7958037969e+01  5.5779126638e+02  2.7165894879e+03  8.2061081714e-01 
 47   4.7000000000e-01  8.8039842295e+02  1.7958037970e+01  5.5779126636e+02  2.7165894879e+03  8.2061081716e-01 
 48   4.8000000000e-01  8.8039842295e+02  1.7958037972e+01  5.5779126637e+02  2.7165894879e+03  8.2061081715e-01 
 49   4.9000000000e-01  8.8039842296e+02  1.7958037971e+01  5.5779126637e+02  2.7165894879e+03  8.2061081715e-01 
 50   5.0000000000e-01  8.8039842295e+02  1.7958037970e+01  5.5779126636e+02  2.7165894879e+03  8.2061081715e-01 
 51   5.1000000000e-01  8.8039842295e+02  1.7958037971e+01  5.5779126637e+02  2.7165894879e+03  8.2061081715e-01 
 52   5.2000000000e-01  8.8039842295e+02  1.7958037971e+01  5.5779126637e+02  2.7165894879e+03  8.2061081715e-01 
 53   5.3000000000e-01  8.8039842295e+02  1.7958037970e+01  5.5779126636e+02  2.7165894879e+03  8.2061081715e-01 
 54   5.4000000000e-01  8.8039842295e+02  1.7958037971e+01  5.5779126637e+02  2.7165894879e+03  8.2061081715e-01 
 55   5.5000000000e-01  8.8039842295e+02  1.7958037971e+01  5.5779126637e+02  2.7165894879e+03  8.2061081715e-01 
 56   5.6000000000e-01  8.8039842295e+02  1.7958037971e+01  5.5779126637e+02  2.7165894879e+03  8.2061081715e-01 
 57   5.7000000000e-01  8.8039842295e+02  1.7958037971e+01  5.5779126637e+02  2.7165894879e+03  8.2061081715e-01 
 58   5.8000000000e-01  8.8039842295e+02  1.7958037971e+01  5.5779126637e+02  2.7165894879e+03  8.2061081715e-01 
 59   5.9000000000e-01  8.8039842295e+02  1.7958037971e+01  5.5779126637e+02  2.7165894879e+03  8.2061081715e-01 
 60   6.0000000000e-01  8.8039842295e+02  1.7958037971e+01  5.5779126637e+02  2.7165894879e+03  8.2061081715e-01 
 61   6.1000000000e-01  8.8039842295e+02  1.7958037971e+01  5.5779126637e+02  2.7165894879e+03  8.2061081715e-01 
 62   6.2000000000e-01  8.8039842295e+02  1.7958037971e+01  5.5779126637e+02  2.7165894879e+03  8.2061081715e-01 
 63   6.3000000000e-01  8.8039842295e+02  1.7958037971e+01  5.5779126637e+02  2.7165894879e+03  8.2061081715e-01 
 64   6.4000000000e-01  8.8039842295e+02  1.7958037971e+01  5.5779126637e+02  2.7165894879e+03  8.2061081715e-01 
 65   6.5000000000e-01  8.8039842295e+02  1.7958037971e+01  5.5779126637e+02  2.7165894879e+03  8.2061081715e-01 
 66   6.6000000000e-01  8.8039842295e+02  1.7958037971e+01  5.5779126637e+02  2.7165894879e+03  8.2061081715e-01 
 67   6.7000000000e-01  8.8039842295e+02  1.7958037971e+01  5.5779126637e+02  2.7165894879e+03  8.2061081715e-01 
 68   6.8000000000e-01  8.8039842295e+02  1.7958037971e+01  5.5779126637e+02  2.7165894879e+03  8.2061081715e-01 
 69   6.9000000000e-01  8.8039842295e+02  1.7958037971e+01  5.5779126637e+02  2.7165894879e+03  8.2061081715e-01 
 70   7.0000000000e-01  8.8039842295e+02  1.7958037971e+01  5.5779126637e+02  2.7165894879e+03  8.2061081715e-01 
 71   7.1000000000e-01  8.8039842295e+02  1.7958037971e+01  5.5779126637e+02  2.7165894879e+03  8.2061081715e-01 
