-----------------------------------------------------------------------------------
 Eq      N-i            T    dB      Ri/R1      Ri/R0       R/Ri    lsIt   dB   %t
-----------------------------------------------------------------------------------
 NS      1-1    1.634e+01 [   0  1.000e+00  1.000e+00  6.684e-11] [   28 -234   91]
 NS      1-2    9.569e+01 [  -9  3.481e-01  3.481e-01  8.655e-11] [  703 -232   99]
 NS      1-3    1.117e+02 [ -30  3.146e-02  3.146e-02  6.309e-12] [   31 -258   93]
 NS      1-4    1.158e+02 [ -49  3.538e-03  3.538e-03  1.161e-11] [   31 -252   84]
 NS      1-5    1.201e+02 [ -65  5.333e-04  5.333e-04  8.153e-11] [   30 -232   82]
 NS      1-6    1.243e+02 [ -81  8.690e-05  8.690e-05  9.394e-11] [   30 -231   76]
 NS      1-7    1.287e+02 [ -97  1.402e-05  1.402e-05  5.067e-12] [   31 -260   80]
 NS      1-8    1.329e+02 [-112  2.284e-06  2.284e-06  4.399e-12] [   31 -261   83]
 NS      1-9    1.373e+02 [-128  3.728e-07  3.728e-07  4.411e-12] [   31 -261   76]
 NS      1-10   1.418e+02 [-144  6.030e-08  6.030e-08  4.723e-11] [   30 -238   79]
 NS      1-11   1.458e+02 [-160  9.678e-09  9.678e-09  5.215e-11] [   30 -237   83]
 NS      1-12   1.501e+02 [-176  1.533e-09  1.533e-09  2.257e-11] [   30 -245   82]
 NS      1-13   1.541e+02 [-192  2.437e-10  2.437e-10  4.225e-11] [   30 -239   82]
 NS      1-14   1.586e+02 [-208  3.895e-11  3.895e-11  1.353e-11] [   30 -250   78]
 NS      2-1    1.657e+02 [   0  1.000e+00  1.920e+00  3.811e-11] [   54 -240   85]
 NS      2-2    1.809e+02 [ -21  8.165e-02  1.568e-01  3.803e-11] [   31 -240   95]
 NS      2-3    1.853e+02 [ -40  8.990e-03  1.726e-02  8.633e-12] [   32 -255   86]
 NS      2-4    1.895e+02 [ -56  1.553e-03  2.982e-03  7.756e-11] [   31 -233   79]
 NS      2-5    1.940e+02 [ -70  2.979e-04  5.718e-04  7.343e-12] [   32 -256   84]
 NS      2-6    1.988e+02 [ -84  6.045e-05  1.160e-04  6.934e-12] [   32 -257   78]
 NS      2-7    2.032e+02 [ -97  1.345e-05  2.582e-05  7.959e-11] [   31 -233   75]
 NS      2-8    2.075e+02 [-109  3.170e-06  6.086e-06  5.099e-11] [   31 -237   85]
 NS      2-9    2.116e+02 [-123  6.880e-07  1.321e-06  5.203e-11] [   31 -237   81]
 NS      2-10   2.160e+02 [-135  1.614e-07  3.099e-07  2.418e-11] [   31 -244   84]
 NS      2-11   2.200e+02 [-149  3.429e-08  6.582e-08  5.675e-11] [   31 -236   83]
 NS      2-12   2.244e+02 [-162  7.567e-09  1.453e-08  8.048e-11] [   31 -232   80]
 NS      2-13   2.285e+02 [-175  1.663e-09  3.193e-09  5.707e-11] [   31 -236   82]
 NS      2-14   2.330e+02 [-189  3.484e-10  6.689e-10  7.468e-11] [   31 -233   76]
 NS      2-15   2.376e+02 [-202  7.424e-11  1.425e-10  5.103e-11] [   31 -237   78]
 NS      3-1    2.437e+02 [   0  1.000e+00  2.692e+00  5.414e-11] [   50 -236   89]
 NS      3-2    2.588e+02 [ -28  3.718e-02  1.001e-01  3.842e-11] [   31 -240   94]
 NS      3-3    2.633e+02 [ -47  4.267e-03  1.149e-02  6.471e-11] [   31 -235   76]
 NS      3-4    2.680e+02 [ -63  6.880e-04  1.852e-03  5.336e-11] [   31 -237   80]
 NS      3-5    2.721e+02 [ -77  1.350e-04  3.635e-04  7.435e-11] [   31 -233   81]
 NS      3-6    2.767e+02 [ -90  3.061e-05  8.241e-05  3.288e-11] [   31 -241   79]
 NS      3-7    2.808e+02 [-103  6.390e-06  1.720e-05  9.749e-11] [   31 -231   83]
 NS      3-8    2.853e+02 [-116  1.546e-06  4.161e-06  5.381e-11] [   31 -236   75]
 NS      3-9    2.896e+02 [-129  3.342e-07  8.997e-07  4.522e-11] [   31 -238   84]
 NS      3-10   2.937e+02 [-142  7.811e-08  2.103e-07  3.529e-11] [   31 -241   80]
 NS      3-11   2.983e+02 [-155  1.717e-08  4.623e-08  5.191e-11] [   31 -237   80]
 NS      3-12   3.024e+02 [-168  3.926e-09  1.057e-08  4.338e-11] [   31 -239   82]
 NS      3-13   3.072e+02 [-181  8.486e-10  2.285e-09  2.950e-11] [   31 -242   77]
 NS      3-14   3.116e+02 [-194  1.905e-10  5.128e-10  5.885e-11] [   31 -236   80]
 NS      3-15   3.160e+02 [-208  3.965e-11  1.068e-10  2.792e-11] [   31 -243   77]
 NS      4-1    3.213e+02 [   0  1.000e+00  2.094e+00  4.440e-11] [   39 -238   84]
 NS      4-2    3.257e+02 [ -30  3.067e-02  6.423e-02  9.004e-12] [   33 -254   84]
 NS      4-3    3.303e+02 [ -50  2.871e-03  6.013e-03  1.595e-11] [   33 -249   76]
 NS      4-4    3.349e+02 [ -68  3.723e-04  7.797e-04  8.800e-12] [   33 -255   85]
 NS      4-5    3.392e+02 [ -82  7.202e-05  1.508e-04  1.198e-11] [   33 -251   84]
 NS      4-6    3.439e+02 [ -96  1.466e-05  3.069e-05  7.467e-12] [   33 -256   83]
 NS      4-7    3.485e+02 [-110  2.966e-06  6.211e-06  1.234e-11] [   33 -251   82]
 NS      4-8    3.531e+02 [-122  7.117e-07  1.490e-06  7.404e-12] [   33 -256   77]
 NS      4-9    3.577e+02 [-136  1.450e-07  3.036e-07  9.692e-12] [   33 -254   85]
 NS      4-10   3.622e+02 [-149  3.386e-08  7.092e-08  1.079e-11] [   33 -253   78]
 NS      4-11   3.668e+02 [-163  6.880e-09  1.441e-08  1.049e-11] [   33 -253   82]
 NS      4-12   3.711e+02 [-176  1.529e-09  3.202e-09  1.119e-11] [   33 -252   85]
 NS      4-13   3.755e+02 [-190  3.143e-10  6.583e-10  7.289e-12] [   33 -256   80]
 NS      4-14   3.800e+02 [-203  6.700e-11  1.403e-10  1.229e-11] [   33 -251   85]
 NS      5-1    3.845e+02 [   0  1.000e+00  1.704e+00  7.434e-11] [   35 -233   84]
 NS      5-2    3.892e+02 [ -31  2.704e-02  4.607e-02  3.617e-11] [   32 -240   76]
 NS      5-3    3.939e+02 [ -52  2.492e-03  4.246e-03  8.931e-11] [   32 -231   79]
 NS      5-4    3.981e+02 [ -68  3.581e-04  6.102e-04  7.709e-12] [   33 -256   84]
 NS      5-5    4.026e+02 [ -83  6.349e-05  1.082e-04  8.244e-11] [   32 -232   84]
 NS      5-6    4.067e+02 [ -98  1.195e-05  2.037e-05  5.899e-11] [   32 -236   84]
 NS      5-7    4.114e+02 [-112  2.479e-06  4.224e-06  9.222e-11] [   32 -231   77]
 NS      5-8    4.161e+02 [-125  5.175e-07  8.819e-07  4.597e-11] [   32 -238   79]
 NS      5-9    4.203e+02 [-138  1.142e-07  1.946e-07  9.030e-11] [   32 -231   81]
 NS      5-10   4.248e+02 [-152  2.378e-08  4.052e-08  3.870e-11] [   32 -240   85]
 NS      5-11   4.291e+02 [-166  4.991e-09  8.505e-09  7.877e-11] [   32 -233   79]
 NS      5-12   4.337e+02 [-180  9.889e-10  1.685e-09  8.521e-11] [   32 -232   79]
 NS      5-13   4.380e+02 [-194  1.984e-10  3.381e-10  4.704e-11] [   32 -238   84]
 NS      5-14   4.424e+02 [-207  4.002e-11  6.820e-11  9.281e-11] [   32 -231   78]
 NS      6-1    4.472e+02 [   0  1.000e+00  1.136e+00  3.403e-11] [   34 -241   83]
 NS      6-2    4.516e+02 [ -31  2.512e-02  2.854e-02  2.426e-11] [   32 -244   77]
 NS      6-3    4.560e+02 [ -52  2.264e-03  2.572e-03  3.919e-11] [   32 -240   83]
 NS      6-4    4.601e+02 [ -70  2.908e-04  3.303e-04  4.448e-11] [   32 -238   84]
 NS      6-5    4.646e+02 [ -85  5.588e-05  6.347e-05  4.369e-11] [   32 -239   81]
 NS      6-6    4.690e+02 [ -99  1.116e-05  1.268e-05  1.990e-11] [   32 -246   84]
 NS      6-7    4.737e+02 [-112  2.498e-06  2.838e-06  3.191e-11] [   32 -242   76]
 NS      6-8    4.783e+02 [-125  5.341e-07  6.067e-07  2.025e-11] [   32 -246   83]
 NS      6-9    4.828e+02 [-138  1.232e-07  1.400e-07  3.040e-11] [   32 -242   78]
 NS      6-10   4.874e+02 [-151  2.606e-08  2.960e-08  1.142e-11] [   32 -252   79]
 NS      6-11   4.922e+02 [-164  5.745e-09  6.526e-09  3.537e-11] [   32 -241   79]
 NS      6-12   4.963e+02 [-178  1.211e-09  1.375e-09  2.783e-11] [   32 -243   83]
 NS      6-13   5.008e+02 [-191  2.532e-10  2.876e-10  2.153e-11] [   32 -246   83]
 NS      6-14   5.053e+02 [-205  5.383e-11  6.115e-11  3.361e-11] [   32 -241   80]
 NS      7-1    5.098e+02 [   0  1.000e+00  7.679e-01  7.840e-11] [   32 -233   76]
 NS      7-2    5.143e+02 [ -28  3.771e-02  2.896e-02  1.137e-11] [   32 -252   84]
 NS      7-3    5.183e+02 [ -51  2.667e-03  2.048e-03  3.776e-11] [   32 -240   83]
 NS      7-4    5.229e+02 [ -69  3.386e-04  2.600e-04  3.762e-11] [   32 -240   81]
 NS      7-5    5.272e+02 [ -83  6.488e-05  4.983e-05  3.363e-11] [   32 -241   84]
 NS      7-6    5.316e+02 [ -98  1.216e-05  9.339e-06  3.022e-11] [   32 -242   79]
 NS      7-7    5.364e+02 [-111  2.773e-06  2.130e-06  3.390e-11] [   32 -241   86]
 NS      7-8    5.409e+02 [-124  5.765e-07  4.427e-07  2.251e-11] [   32 -245   76]
 NS      7-9    5.453e+02 [-137  1.308e-07  1.005e-07  3.254e-11] [   32 -241   84]
 NS      7-10   5.495e+02 [-151  2.698e-08  2.072e-08  1.507e-11] [   32 -249   81]
 NS      7-11   5.541e+02 [-164  6.079e-09  4.668e-09  4.692e-11] [   32 -238   78]
 NS      7-12   5.585e+02 [-178  1.240e-09  9.519e-10  2.754e-11] [   32 -243   83]
 NS      7-13   5.627e+02 [-191  2.657e-10  2.040e-10  3.441e-11] [   32 -241   81]
 NS      7-14   5.672e+02 [-205  5.569e-11  4.276e-11  4.215e-11] [   32 -239   85]
 NS      8-1    5.832e+02 [   0  1.000e+00  4.720e-01  2.006e-11] [   31 -246   94]
 NS      8-2    5.879e+02 [ -31  2.722e-02  1.285e-02  2.323e-11] [   31 -245   79]
 NS      8-3    5.919e+02 [ -52  2.260e-03  1.067e-03  5.466e-11] [   31 -236   83]
 NS      8-4    5.963e+02 [ -70  2.986e-04  1.409e-04  2.736e-11] [   31 -243   84]
 NS      8-5    6.003e+02 [ -84  5.840e-05  2.756e-05  3.761e-11] [   31 -240   83]
 NS      8-6    6.048e+02 [ -99  1.105e-05  5.214e-06  2.471e-11] [   31 -244   78]
 NS      8-7    6.089e+02 [-112  2.486e-06  1.173e-06  2.814e-11] [   31 -243   84]
 NS      8-8    6.132e+02 [-126  4.936e-07  2.330e-07  1.938e-11] [   31 -247   80]
 NS      8-9    6.177e+02 [-138  1.128e-07  5.324e-08  3.929e-11] [   31 -240   84]
 NS      8-10   6.220e+02 [-152  2.307e-08  1.089e-08  1.252e-11] [   31 -251   77]
 NS      8-11   6.263e+02 [-165  5.241e-09  2.474e-09  4.117e-11] [   31 -239   82]
 NS      8-12   6.305e+02 [-179  1.102e-09  5.202e-10  1.600e-11] [   31 -249   82]
 NS      8-13   6.349e+02 [-192  2.366e-10  1.117e-10  4.273e-11] [   31 -239   79]
 NS      8-14   6.393e+02 [-206  4.993e-11  2.357e-11  3.643e-11] [   31 -240   80]
 NS      9-1    6.435e+02 [   0  1.000e+00  2.906e-01  4.613e-11] [   31 -238   76]
 NS      9-2    6.481e+02 [ -27  4.259e-02  1.238e-02  1.890e-11] [   31 -247   80]
 NS      9-3    6.521e+02 [ -50  2.845e-03  8.266e-04  5.768e-11] [   31 -236   84]
 NS      9-4    6.565e+02 [ -69  3.417e-04  9.930e-05  1.968e-11] [   31 -247   83]
 NS      9-5    6.605e+02 [ -83  6.486e-05  1.885e-05  2.971e-11] [   31 -242   83]
 NS      9-6    6.650e+02 [ -98  1.166e-05  3.387e-06  2.413e-11] [   31 -244   79]
 NS      9-7    6.691e+02 [-111  2.633e-06  7.652e-07  1.598e-11] [   31 -249   82]
 NS      9-8    6.736e+02 [-125  5.223e-07  1.518e-07  3.208e-11] [   31 -242   75]
 NS      9-9    6.780e+02 [-138  1.160e-07  3.371e-08  3.720e-11] [   31 -240   84]
 NS      9-10   6.821e+02 [-152  2.362e-08  6.863e-09  2.753e-11] [   31 -243   82]
 NS      9-11   6.866e+02 [-165  5.312e-09  1.544e-09  5.087e-11] [   31 -237   80]
 NS      9-12   6.906e+02 [-179  1.093e-09  3.176e-10  1.618e-11] [   31 -248   83]
 NS      9-13   6.950e+02 [-192  2.322e-10  6.747e-11  5.461e-11] [   31 -236   79]
 NS     10-1    6.994e+02 [   0  1.000e+00  1.694e-01  1.983e-11] [   31 -246   81]
 NS     10-2    7.037e+02 [ -29  3.228e-02  5.470e-03  2.453e-11] [   31 -244   78]
 NS     10-3    7.081e+02 [ -52  2.481e-03  4.203e-04  5.245e-11] [   31 -237   85]
 NS     10-4    7.123e+02 [ -69  3.206e-04  5.432e-05  3.550e-11] [   31 -241   82]
 NS     10-5    7.169e+02 [ -84  6.081e-05  1.030e-05  2.701e-11] [   31 -243   78]
 NS     10-6    7.214e+02 [ -98  1.134e-05  1.921e-06  2.429e-11] [   31 -244   77]
 NS     10-7    7.256e+02 [-111  2.560e-06  4.337e-07  3.360e-11] [   31 -241   79]
 NS     10-8    7.302e+02 [-125  5.070e-07  8.590e-08  1.849e-11] [   31 -247   81]
 NS     10-9    7.342e+02 [-138  1.149e-07  1.947e-08  3.680e-11] [   31 -240   83]
 NS     10-10   7.386e+02 [-152  2.344e-08  3.971e-09  1.214e-11] [   31 -251   84]
 NS     10-11   7.426e+02 [-165  5.277e-09  8.940e-10  3.528e-11] [   31 -241   82]
 NS     10-12   7.471e+02 [-179  1.116e-09  1.891e-10  1.225e-11] [   31 -251   76]
 NS     10-13s  7.513e+02 [-192  2.359e-10  3.997e-11  4.124e-11] [   31 -239   84]
 NS     11-1    7.570e+02 [   0  1.000e+00  9.825e-02  2.953e-11] [   31 -242   58]
 NS     11-2    7.616e+02 [ -28  3.942e-02  3.873e-03  2.172e-11] [   31 -246   75]
 NS     11-3    7.660e+02 [ -51  2.810e-03  2.761e-04  5.149e-11] [   31 -237   82]
 NS     11-4    7.702e+02 [ -69  3.469e-04  3.408e-05  3.338e-11] [   31 -241   77]
 NS     11-5    7.747e+02 [ -83  6.546e-05  6.432e-06  2.384e-11] [   31 -245   82]
 NS     11-6    7.786e+02 [ -98  1.195e-05  1.174e-06  2.540e-11] [   31 -244   83]
 NS     11-7    7.830e+02 [-111  2.692e-06  2.645e-07  2.609e-11] [   31 -244   85]
 NS     11-8    7.870e+02 [-125  5.475e-07  5.379e-08  2.903e-11] [   31 -243   83]
 NS     11-9    7.914e+02 [-138  1.244e-07  1.222e-08  3.081e-11] [   31 -242   81]
 NS     11-10   7.957e+02 [-151  2.542e-08  2.498e-09  2.035e-11] [   31 -246   80]
 NS     11-11   8.001e+02 [-164  5.689e-09  5.589e-10  4.150e-11] [   31 -239   78]
 NS     11-12   8.044e+02 [-178  1.184e-09  1.163e-10  1.750e-11] [   31 -248   81]
 NS     11-13   8.087e+02 [-192  2.480e-10  2.437e-11  4.221e-11] [   31 -239   78]
 NS     12-1    8.131e+02 [   0  1.000e+00  5.539e-02  2.156e-11] [   31 -246   84]
 NS     12-2    8.172e+02 [ -28  3.573e-02  1.979e-03  2.072e-11] [   31 -246   82]
 NS     12-3    8.217e+02 [ -51  2.687e-03  1.488e-04  4.003e-11] [   31 -239   78]
 NS     12-4    8.260e+02 [ -69  3.403e-04  1.885e-05  2.932e-11] [   31 -243   82]
 NS     12-5    8.304e+02 [ -83  6.450e-05  3.572e-06  2.373e-11] [   31 -245   75]
 NS     12-6    8.349e+02 [ -98  1.192e-05  6.600e-07  3.031e-11] [   31 -242   82]
 NS     12-7    8.389e+02 [-111  2.702e-06  1.497e-07  3.456e-11] [   31 -241   83]
 NS     12-8    8.437e+02 [-125  5.473e-07  3.031e-08  2.518e-11] [   31 -244   76]
 NS     12-9    8.479e+02 [-138  1.250e-07  6.921e-09  3.243e-11] [   31 -242   83]
 NS     12-10   8.521e+02 [-151  2.545e-08  1.410e-09  1.940e-11] [   31 -247   78]
 NS     12-11   8.565e+02 [-164  5.789e-09  3.206e-10  4.444e-11] [   31 -238   85]
 NS     12-12   8.605e+02 [-178  1.200e-09  6.647e-11  1.955e-11] [   31 -247   82]
 NS     13-1    8.766e+02 [   0  1.000e+00  3.089e-02  1.800e-11] [   31 -247   94]
 NS     13-2    8.811e+02 [ -28  3.827e-02  1.182e-03  1.551e-11] [   31 -249   76]
 NS     13-3    8.857e+02 [ -51  2.808e-03  8.676e-05  2.678e-11] [   31 -243   80]
 NS     13-4    8.897e+02 [ -69  3.487e-04  1.077e-05  3.393e-11] [   31 -241   85]
 NS     13-5    8.943e+02 [ -83  6.604e-05  2.040e-06  2.563e-11] [   31 -244   79]
 NS     13-6    8.983e+02 [ -98  1.177e-05  3.635e-07  2.523e-11] [   31 -244   84]
 NS     13-7    9.028e+02 [-111  2.656e-06  8.204e-08  1.792e-11] [   31 -247   75]
 NS     13-8    9.074e+02 [-125  5.335e-07  1.648e-08  8.983e-12] [   31 -254   80]
 NS     13-9    9.114e+02 [-138  1.221e-07  3.774e-09  1.400e-11] [   31 -250   82]
 NS     13-10   9.157e+02 [-152  2.505e-08  7.738e-10  6.745e-12] [   31 -257   85]
 NS     13-11   9.197e+02 [-164  5.676e-09  1.753e-10  1.619e-11] [   31 -248   82]
 NS     13-12   9.242e+02 [-178  1.166e-09  3.602e-11  8.698e-12] [   31 -255   81]
 NS     14-1    9.288e+02 [   0  1.000e+00  1.694e-02  1.749e-11] [   31 -248   77]
 NS     14-2    9.331e+02 [ -28  3.729e-02  6.315e-04  1.670e-11] [   31 -248   76]
 NS     14-3    9.375e+02 [ -51  2.786e-03  4.719e-05  3.850e-11] [   31 -240   85]
 NS     14-4    9.417e+02 [ -69  3.528e-04  5.976e-06  2.670e-11] [   31 -243   81]
 NS     14-5    9.463e+02 [ -83  6.631e-05  1.123e-06  2.811e-11] [   31 -243   79]
 NS     14-6    9.508e+02 [ -98  1.167e-05  1.977e-07  2.122e-11] [   31 -246   77]
 NS     14-7    9.553e+02 [-111  2.620e-06  4.437e-08  1.123e-11] [   31 -252   75]
 NS     14-8    9.598e+02 [-125  5.111e-07  8.657e-09  1.380e-11] [   31 -250   82]
 NS     14-9    9.638e+02 [-138  1.156e-07  1.959e-09  1.560e-11] [   31 -249   83]
 NS     14-10   9.681e+02 [-152  2.332e-08  3.949e-10  7.035e-12] [   31 -257   84]
 NS     14-11   9.722e+02 [-165  5.283e-09  8.948e-11  1.198e-11] [   31 -251   84]
 NS     15-1    9.767e+02 [   0  1.000e+00  9.184e-03  1.760e-11] [   31 -248   77]
 NS     15-2    9.810e+02 [ -28  3.833e-02  3.521e-04  1.611e-11] [   31 -249   83]
 NS     15-3    9.852e+02 [ -50  2.866e-03  2.632e-05  3.730e-11] [   31 -240   79]
 NS     15-4    9.896e+02 [ -68  3.689e-04  3.388e-06  3.134e-11] [   31 -242   84]
 NS     15-5    9.942e+02 [ -83  6.943e-05  6.377e-07  2.643e-11] [   31 -244   76]
 NS     15-6    9.986e+02 [ -98  1.230e-05  1.130e-07  2.883e-11] [   31 -243   80]
 NS     15-7    1.003e+03 [-111  2.750e-06  2.526e-08  1.770e-11] [   31 -248   83]
 NS     15-8    1.007e+03 [-125  5.328e-07  4.893e-09  1.430e-11] [   31 -250   81]
 NS     15-9    1.011e+03 [-138  1.180e-07  1.084e-09  1.511e-11] [   31 -249   84]
 NS     15-10   1.015e+03 [-152  2.339e-08  2.148e-10  6.351e-12] [   31 -258   81]
 NS     15-11   1.020e+03 [-165  5.209e-09  4.784e-11  1.569e-11] [   31 -249   80]
 NS     16-1    1.024e+03 [   0  1.000e+00  4.919e-03  1.833e-11] [   31 -247   83]
 NS     16-2    1.029e+03 [ -28  3.846e-02  1.892e-04  1.852e-11] [   31 -247   79]
 NS     16-3    1.034e+03 [ -50  2.933e-03  1.443e-05  2.426e-11] [   31 -244   78]
 NS     16-4    1.038e+03 [ -68  3.897e-04  1.917e-06  3.633e-11] [   31 -240   80]
 NS     16-5    1.043e+03 [ -82  7.389e-05  3.634e-07  2.497e-11] [   31 -244   78]
 NS     16-6    1.047e+03 [ -97  1.348e-05  6.631e-08  1.614e-11] [   31 -249   83]
 NS     16-7    1.051e+03 [-110  3.019e-06  1.485e-08  8.395e-12] [   31 -255   75]
 NS     16-8    1.056e+03 [-124  5.949e-07  2.926e-09  9.645e-12] [   31 -254   84]
 NS     16-9    1.060e+03 [-137  1.309e-07  6.439e-10  8.489e-12] [   31 -255   82]
 NS     16-10   1.064e+03 [-151  2.563e-08  1.261e-10  6.038e-12] [   31 -258   82]
 NS     16-11   1.069e+03 [-165  5.615e-09  2.762e-11  1.528e-11] [   31 -249   79]
 NS     17-1    1.073e+03 [   0  1.000e+00  2.608e-03  1.925e-11] [   31 -247   75]
 NS     17-2    1.078e+03 [ -28  3.935e-02  1.026e-04  2.600e-11] [   31 -244   83]
 NS     17-3    1.082e+03 [ -50  3.059e-03  7.980e-06  4.409e-11] [   31 -238   83]
 NS     17-4    1.086e+03 [ -67  4.149e-04  1.082e-06  2.819e-11] [   31 -243   85]
 NS     17-5    1.090e+03 [ -82  7.819e-05  2.040e-07  1.126e-11] [   31 -252   76]
 NS     17-6    1.095e+03 [ -96  1.434e-05  3.741e-08  1.977e-11] [   31 -246   77]
 NS     17-7    1.099e+03 [-109  3.215e-06  8.387e-09  1.888e-11] [   31 -247   78]
 NS     17-8    1.104e+03 [-123  6.497e-07  1.695e-09  1.039e-11] [   31 -253   81]
 NS     17-9    1.108e+03 [-136  1.437e-07  3.748e-10  1.136e-11] [   31 -252   83]
 NS     17-10   1.112e+03 [-150  2.829e-08  7.380e-11  6.363e-12] [   31 -258   78]
 NS     18-1    1.129e+03 [   0  1.000e+00  1.370e-03  1.929e-11] [   31 -247   94]
 NS     18-2    1.133e+03 [ -27  4.029e-02  5.520e-05  2.794e-11] [   31 -243   80]
 NS     18-3    1.137e+03 [ -49  3.230e-03  4.424e-06  4.016e-11] [   31 -239   84]
 NS     18-4    1.141e+03 [ -67  4.416e-04  6.049e-07  1.709e-11] [   31 -248   83]
 NS     18-5    1.145e+03 [ -81  8.121e-05  1.112e-07  1.801e-11] [   31 -247   84]
 NS     18-6    1.150e+03 [ -96  1.475e-05  2.020e-08  2.562e-11] [   31 -244   78]
 NS     18-7    1.154e+03 [-109  3.259e-06  4.465e-09  1.988e-11] [   31 -246   75]
 NS     18-8    1.159e+03 [-123  6.642e-07  9.100e-10  8.080e-12] [   31 -255   84]
 NS     18-9    1.163e+03 [-136  1.480e-07  2.027e-10  8.401e-12] [   31 -255   76]
 NS     18-10   1.167e+03 [-150  2.994e-08  4.102e-11  6.028e-12] [   31 -258   84]
 NS     19-1    1.171e+03 [   0  1.000e+00  7.135e-04  1.858e-11] [   31 -247   83]
 NS     19-2    1.176e+03 [ -27  4.214e-02  3.006e-05  3.077e-11] [   31 -242   79]
 NS     19-3    1.180e+03 [ -48  3.563e-03  2.542e-06  4.029e-11] [   31 -239   79]
 NS     19-4    1.185e+03 [ -66  4.932e-04  3.519e-07  3.643e-11] [   31 -240   75]
 NS     19-5    1.189e+03 [ -81  8.718e-05  6.220e-08  2.972e-11] [   31 -242   85]
 NS     19-6    1.193e+03 [ -96  1.534e-05  1.095e-08  2.609e-11] [   31 -244   81]
 NS     19-7    1.198e+03 [-109  3.232e-06  2.306e-09  1.764e-11] [   31 -248   83]
 NS     19-8    1.202e+03 [-123  6.468e-07  4.615e-10  1.018e-11] [   31 -253   82]
 NS     19-9    1.206e+03 [-136  1.454e-07  1.038e-10  1.113e-11] [   31 -252   78]
 NS     19-10   1.210e+03 [-150  3.061e-08  2.184e-11  9.566e-11] [   30 -231   84]
 NS     20-1    1.215e+03 [   0  1.000e+00  3.688e-04  8.947e-12] [   31 -254   79]
 NS     20-2    1.219e+03 [ -26  4.502e-02  1.660e-05  2.469e-11] [   31 -244   84]
 NS     20-3    1.223e+03 [ -47  4.114e-03  1.517e-06  4.672e-11] [   31 -238   80]
 NS     20-4    1.228e+03 [ -64  5.885e-04  2.170e-07  3.806e-11] [   31 -240   80]
 NS     20-5    1.232e+03 [ -79  1.007e-04  3.715e-08  2.100e-11] [   31 -246   82]
 NS     20-6    1.236e+03 [ -95  1.710e-05  6.305e-09  2.433e-11] [   31 -244   79]
 NS     20-7    1.241e+03 [-109  3.386e-06  1.249e-09  1.627e-11] [   31 -248   85]
 NS     20-8    1.245e+03 [-123  6.517e-07  2.403e-10  1.761e-11] [   31 -248   81]
 NS     20-9s   1.249e+03 [-136  1.446e-07  5.332e-11  1.238e-11] [   31 -251   79]
 NS     21-1    1.255e+03 [   0  1.000e+00  1.894e-04  1.861e-11] [   31 -247   65]
 NS     21-2    1.259e+03 [ -26  4.952e-02  9.382e-06  3.098e-11] [   31 -242   80]
 NS     21-3    1.264e+03 [ -46  4.834e-03  9.158e-07  4.498e-11] [   31 -238   85]
 NS     21-4    1.268e+03 [ -63  7.070e-04  1.339e-07  3.573e-11] [   31 -241   82]
 NS     21-5    1.272e+03 [ -78  1.200e-04  2.274e-08  3.331e-11] [   31 -241   80]
 NS     21-6    1.277e+03 [ -93  2.049e-05  3.881e-09  3.116e-11] [   31 -242   83]
 NS     21-7    1.281e+03 [-108  3.929e-06  7.444e-10  1.335e-11] [   31 -250   77]
 NS     21-8    1.285e+03 [-122  7.273e-07  1.378e-10  1.708e-11] [   31 -248   83]
 NS     21-9    1.289e+03 [-136  1.522e-07  2.883e-11  1.466e-11] [   31 -249   80]
 NS     22-1    1.294e+03 [   0  1.000e+00  9.696e-05  1.330e-11] [   31 -250   84]
 NS     22-2    1.298e+03 [ -24  5.656e-02  5.484e-06  4.427e-11] [   31 -238   84]
 NS     22-3    1.302e+03 [ -44  5.787e-03  5.611e-07  5.495e-11] [   31 -236   79]
 NS     22-4    1.306e+03 [ -61  8.561e-04  8.301e-08  3.043e-11] [   31 -242   84]
 NS     22-5    1.311e+03 [ -76  1.453e-04  1.409e-08  2.290e-11] [   31 -245   75]
 NS     22-6    1.316e+03 [ -91  2.531e-05  2.454e-09  1.937e-11] [   31 -247   80]
 NS     22-7    1.320e+03 [-106  4.876e-06  4.728e-10  8.044e-12] [   31 -255   83]
 NS     22-8    1.324e+03 [-120  9.075e-07  8.799e-11  1.556e-11] [   31 -249   83]
 NS     23-1    1.339e+03 [   0  1.000e+00  4.964e-05  1.990e-11] [   31 -246   96]
 NS     23-2    1.343e+03 [ -23  6.743e-02  3.347e-06  2.369e-11] [   31 -245   84]
 NS     23-3    1.348e+03 [ -42  7.274e-03  3.611e-07  2.093e-11] [   31 -246   79]
 NS     23-4    1.352e+03 [ -59  1.087e-03  5.394e-08  2.146e-11] [   31 -246   84]
 NS     23-5    1.357e+03 [ -74  1.809e-04  8.978e-09  1.516e-11] [   31 -249   81]
 NS     23-6    1.362e+03 [ -90  3.093e-05  1.535e-09  1.470e-11] [   31 -249   79]
 NS     23-7    1.367e+03 [-104  5.940e-06  2.949e-10  1.302e-11] [   31 -251   79]
 NS     23-8    1.372e+03 [-118  1.143e-06  5.675e-11  8.051e-12] [   31 -255   77]
 NS     24-1    1.378e+03 [   0  1.000e+00  2.556e-05  2.143e-11] [   31 -246   77]
 NS     24-2    1.383e+03 [ -21  8.276e-02  2.115e-06  4.115e-11] [   31 -239   79]
 NS     24-3    1.388e+03 [ -40  9.413e-03  2.406e-07  5.254e-11] [   31 -237   78]
 NS     24-4    1.393e+03 [ -57  1.407e-03  3.595e-08  4.246e-11] [   31 -239   76]
 NS     24-5    1.399e+03 [ -72  2.271e-04  5.804e-09  2.564e-11] [   31 -244   79]
 NS     24-6    1.404e+03 [ -88  3.716e-05  9.499e-10  1.701e-11] [   31 -248   78]
 NS     24-7    1.409e+03 [-103  6.811e-06  1.741e-10  1.494e-11] [   31 -249   77]
 NS     24-8    1.415e+03 [-117  1.321e-06  3.377e-11  7.779e-12] [   31 -256   79]
 NS     25-1    1.420e+03 [   0  1.000e+00  1.338e-05  2.687e-11] [   31 -243   78]
 NS     25-2    1.425e+03 [ -19  1.019e-01  1.364e-06  4.865e-11] [   31 -237   76]
 NS     25-3    1.430e+03 [ -38  1.190e-02  1.592e-07  3.740e-11] [   31 -240   79]
 NS     25-4    1.436e+03 [ -54  1.783e-03  2.385e-08  3.201e-11] [   31 -242   78]
 NS     25-5    1.441e+03 [ -70  2.858e-04  3.823e-09  1.292e-11] [   31 -251   77]
 NS     25-6    1.446e+03 [ -86  4.594e-05  6.145e-10  1.954e-11] [   31 -247   78]
 NS     25-7    1.451e+03 [-101  7.975e-06  1.067e-10  1.387e-11] [   31 -250   79]
 NS     25-8    1.456e+03 [-116  1.489e-06  1.991e-11  9.504e-12] [   31 -254   78]
 NS     26-1    1.462e+03 [   0  1.000e+00  7.214e-06  2.225e-11] [   31 -245   78]
 NS     26-2    1.467e+03 [ -18  1.243e-01  8.965e-07  4.201e-11] [   31 -239   79]
 NS     26-3    1.472e+03 [ -36  1.463e-02  1.056e-07  3.742e-11] [   31 -240   78]
 NS     26-4    1.477e+03 [ -53  2.196e-03  1.584e-08  2.702e-11] [   31 -243   77]
 NS     26-5    1.483e+03 [ -69  3.543e-04  2.556e-09  1.115e-11] [   31 -252   79]
 NS     26-6    1.488e+03 [ -84  5.730e-05  4.134e-10  1.953e-11] [   31 -247   78]
 NS     26-7    1.493e+03 [-100  9.866e-06  7.117e-11  1.629e-11] [   31 -248   77]
 NS     27-1    1.498e+03 [   0  1.000e+00  4.058e-06  2.672e-11] [   31 -243   78]
 NS     27-2    1.504e+03 [ -16  1.480e-01  6.004e-07  5.027e-11] [   31 -237   79]
 NS     27-3    1.509e+03 [ -35  1.762e-02  7.152e-08  4.842e-11] [   31 -238   76]
 NS     27-4    1.514e+03 [ -51  2.624e-03  1.065e-08  2.764e-11] [   31 -243   78]
 NS     27-5    1.519e+03 [ -67  4.220e-04  1.712e-09  2.100e-11] [   31 -246   79]
 NS     27-6    1.525e+03 [ -83  6.809e-05  2.763e-10  1.363e-11] [   31 -250   78]
 NS     27-7    1.530e+03 [ -98  1.178e-05  4.782e-11  1.078e-11] [   31 -253   76]
 NS     28-1    1.550e+03 [   0  1.000e+00  2.401e-06  2.189e-11] [   31 -245   94]
 NS     28-2    1.555e+03 [ -15  1.682e-01  4.040e-07  4.115e-11] [   31 -239   78]
 NS     28-3    1.560e+03 [ -33  2.016e-02  4.842e-08  2.413e-11] [   31 -244   77]
 NS     28-4    1.566e+03 [ -50  2.995e-03  7.193e-09  2.475e-11] [   31 -244   79]
 NS     28-5    1.571e+03 [ -66  4.809e-04  1.155e-09  2.293e-11] [   31 -245   78]
 NS     28-6    1.576e+03 [ -82  7.747e-05  1.860e-10  1.799e-11] [   31 -247   76]
 NS     28-7    1.581e+03 [ -97  1.327e-05  3.187e-11  7.768e-12] [   31 -256   78]
 NS     29-1    1.587e+03 [   0  1.000e+00  1.496e-06  4.207e-11] [   31 -239   77]
 NS     29-2    1.592e+03 [ -14  1.822e-01  2.725e-07  3.154e-11] [   31 -242   76]
 NS     29-3    1.597e+03 [ -33  2.181e-02  3.263e-08  2.594e-11] [   31 -244   80]
 NS     29-4    1.602e+03 [ -49  3.253e-03  4.866e-09  3.074e-11] [   31 -242   78]
 NS     29-5    1.607e+03 [ -65  5.227e-04  7.818e-10  1.828e-11] [   31 -247   77]
 NS     29-6    1.613e+03 [ -81  8.398e-05  1.256e-10  1.378e-11] [   31 -250   78]
 NS     29-7    1.618e+03 [ -96  1.434e-05  2.145e-11  8.174e-12] [   31 -255   79]
 NS     30-1    1.622e+03 [   0  1.000e+00  9.676e-07  3.761e-11] [   31 -240   81]
 NS     30-2    1.626e+03 [ -14  1.911e-01  1.850e-07  5.391e-11] [   31 -236   85]
 NS     30-3    1.630e+03 [ -32  2.288e-02  2.214e-08  3.632e-11] [   31 -240   83]
 NS     30-4    1.635e+03 [ -49  3.403e-03  3.293e-09  2.510e-11] [   31 -244   78]
 NS     30-5    1.640e+03 [ -65  5.461e-04  5.284e-10  1.907e-11] [   31 -247   78]
 NS     30-6s   1.644e+03 [ -81  8.743e-05  8.459e-11  1.380e-11] [   31 -250   79]
 NS     31-1    1.650e+03 [   0  1.000e+00  6.414e-07  3.990e-11] [   31 -239   60]
 NS     31-2    1.654e+03 [ -14  1.962e-01  1.258e-07  3.222e-11] [   31 -242   79]
 NS     31-3    1.659e+03 [ -32  2.343e-02  1.503e-08  3.495e-11] [   31 -241   80]
 NS     31-4    1.663e+03 [ -49  3.466e-03  2.224e-09  2.293e-11] [   31 -245   80]
 NS     31-5    1.667e+03 [ -65  5.605e-04  3.595e-10  2.689e-11] [   31 -243   82]
 NS     31-6    1.672e+03 [ -80  9.042e-05  5.800e-11  2.425e-11] [   31 -244   78]
 NS     32-1    1.676e+03 [   0  1.000e+00  4.321e-07  4.869e-11] [   31 -237   83]
 NS     32-2    1.680e+03 [ -14  1.983e-01  8.570e-08  5.296e-11] [   31 -237   77]
 NS     32-3    1.685e+03 [ -32  2.376e-02  1.026e-08  4.011e-11] [   31 -239   84]
 NS     32-4    1.689e+03 [ -49  3.527e-03  1.524e-09  2.970e-11] [   31 -242   80]
 NS     32-5    1.693e+03 [ -64  5.733e-04  2.477e-10  2.163e-11] [   31 -246   83]
 NS     32-6    1.697e+03 [ -80  9.198e-05  3.974e-11  1.199e-11] [   31 -251   83]
 NS     33-1    1.712e+03 [   0  1.000e+00  2.932e-07  2.352e-11] [   31 -245   92]
 NS     33-2    1.717e+03 [ -14  1.990e-01  5.835e-08  4.330e-11] [   31 -239   76]
 NS     33-3    1.721e+03 [ -32  2.401e-02  7.040e-09  3.453e-11] [   31 -241   84]
 NS     33-4    1.725e+03 [ -48  3.593e-03  1.053e-09  2.351e-11] [   31 -245   83]
 NS     33-5    1.729e+03 [ -64  5.822e-04  1.707e-10  2.237e-11] [   31 -245   83]
 NS     33-6    1.734e+03 [ -80  9.289e-05  2.724e-11  1.586e-11] [   31 -249   80]
 NS     34-1    1.738e+03 [   0  1.000e+00  1.999e-07  4.429e-11] [   31 -238   75]
 NS     34-2    1.743e+03 [ -14  1.989e-01  3.975e-08  5.110e-11] [   31 -237   80]
 NS     34-3    1.747e+03 [ -32  2.384e-02  4.764e-09  4.305e-11] [   31 -239   82]
 NS     34-4    1.752e+03 [ -48  3.564e-03  7.124e-10  2.975e-11] [   31 -242   78]
 NS     34-5    1.756e+03 [ -64  5.827e-04  1.165e-10  2.820e-11] [   31 -243   80]
 NS     34-6    1.761e+03 [ -80  9.471e-05  1.893e-11  3.155e-11] [   31 -242   76]
 NS     35-1    1.765e+03 [   0  1.000e+00  1.367e-07  4.702e-11] [   31 -238   85]
 NS     35-2    1.769e+03 [ -14  1.990e-01  2.721e-08  3.882e-11] [   31 -240   80]
 NS     35-3    1.774e+03 [ -32  2.372e-02  3.244e-09  2.639e-11] [   31 -244   82]
 NS     35-4    1.778e+03 [ -49  3.532e-03  4.829e-10  2.680e-11] [   31 -243   82]
 NS     35-5    1.782e+03 [ -64  5.856e-04  8.007e-11  2.439e-11] [   31 -244   78]
 NS     36-1    1.787e+03 [   0  1.000e+00  9.360e-08  2.172e-11] [   31 -246   81]
 NS     36-2    1.791e+03 [ -14  1.991e-01  1.863e-08  2.955e-11] [   31 -242   83]
 NS     36-3    1.795e+03 [ -32  2.409e-02  2.254e-09  3.465e-11] [   31 -241   84]
 NS     36-4    1.799e+03 [ -48  3.614e-03  3.383e-10  2.188e-11] [   31 -245   84]
 NS     36-5    1.803e+03 [ -64  5.986e-04  5.603e-11  1.901e-11] [   31 -247   84]
 NS     37-1    1.808e+03 [   0  1.000e+00  6.413e-08  5.385e-11] [   31 -236   79]
 NS     37-2    1.812e+03 [ -14  1.982e-01  1.271e-08  5.913e-11] [   31 -236   76]
 NS     37-3    1.817e+03 [ -32  2.412e-02  1.547e-09  5.099e-11] [   31 -237   85]
 NS     37-4    1.821e+03 [ -48  3.657e-03  2.345e-10  3.010e-11] [   31 -242   82]
 NS     37-5    1.825e+03 [ -64  6.041e-04  3.874e-11  2.317e-11] [   31 -245   81]
 NS     38-1    1.841e+03 [   0  1.000e+00  4.401e-08  4.648e-11] [   31 -238   95]
 NS     38-2    1.846e+03 [ -14  1.977e-01  8.702e-09  4.213e-11] [   31 -239   83]
 NS     38-3    1.850e+03 [ -32  2.375e-02  1.045e-09  2.316e-11] [   31 -245   80]
 NS     38-4    1.854e+03 [ -48  3.588e-03  1.579e-10  2.019e-11] [   31 -246   80]
 NS     38-5    1.859e+03 [ -64  5.988e-04  2.635e-11  3.471e-11] [   31 -241   82]
 NS     39-1    1.863e+03 [   0  1.000e+00  3.020e-08  3.747e-11] [   31 -240   77]
 NS     39-2    1.867e+03 [ -14  1.984e-01  5.991e-09  4.079e-11] [   31 -239   84]
 NS     39-3    1.872e+03 [ -32  2.394e-02  7.231e-10  3.644e-11] [   31 -240   80]
 NS     39-4    1.876e+03 [ -48  3.608e-03  1.090e-10  3.196e-11] [   31 -242   82]
 NS     39-5    1.880e+03 [ -64  6.087e-04  1.839e-11  1.695e-11] [   31 -248   83]
 NS     40-1    1.885e+03 [   0  1.000e+00  2.074e-08  3.968e-11] [   31 -240   78]
 NS     40-2    1.889e+03 [ -14  1.983e-01  4.112e-09  4.911e-11] [   31 -237   84]
 NS     40-3    1.894e+03 [ -32  2.443e-02  5.067e-10  4.158e-11] [   31 -239   78]
 NS     40-4s   1.898e+03 [ -48  3.734e-03  7.744e-11  2.735e-11] [   31 -243   81]
 NS     41-1    1.904e+03 [   0  1.000e+00  1.426e-08  5.490e-11] [   31 -236   63]
 NS     41-2    1.908e+03 [ -14  1.974e-01  2.814e-09  5.357e-11] [   31 -237   76]
 NS     41-3    1.913e+03 [ -32  2.430e-02  3.464e-10  3.972e-11] [   31 -239   85]
 NS     41-4    1.917e+03 [ -48  3.745e-03  5.339e-11  1.426e-11] [   31 -250   84]
 NS     42-1    1.921e+03 [   0  1.000e+00  9.799e-09  3.627e-11] [   31 -240   75]
 NS     42-2    1.926e+03 [ -14  1.974e-01  1.935e-09  4.051e-11] [   31 -239   84]
 NS     42-3    1.930e+03 [ -32  2.401e-02  2.353e-10  2.524e-11] [   31 -244   82]
 NS     42-4    1.934e+03 [ -48  3.670e-03  3.596e-11  3.359e-11] [   31 -241   85]
 NS     43-1    1.950e+03 [   0  1.000e+00  6.734e-09  2.330e-11] [   31 -245   94]
 NS     43-2    1.954e+03 [ -14  1.982e-01  1.335e-09  2.868e-11] [   31 -243   84]
 NS     43-3    1.958e+03 [ -32  2.443e-02  1.645e-10  2.700e-11] [   31 -243   80]
 NS     43-4    1.963e+03 [ -48  3.739e-03  2.517e-11  2.323e-11] [   31 -245   79]
 NS     44-1    1.967e+03 [   0  1.000e+00  4.633e-09  6.656e-11] [   31 -234   81]
 NS     44-2    1.971e+03 [ -14  1.981e-01  9.179e-10  6.671e-11] [   31 -234   83]
 NS     44-3    1.976e+03 [ -32  2.492e-02  1.155e-10  4.542e-11] [   31 -238   82]
 NS     44-4    1.980e+03 [ -48  3.878e-03  1.797e-11  2.014e-11] [   31 -246   78]
 NS     45-1    1.984e+03 [   0  1.000e+00  3.189e-09  5.548e-11] [   31 -236   83]
 NS     45-2    1.988e+03 [ -14  1.973e-01  6.294e-10  5.989e-11] [   31 -235   81]
 NS     45-3    1.993e+03 [ -32  2.469e-02  7.875e-11  3.080e-11] [   31 -242   83]
 NS     46-1    1.997e+03 [   0  1.000e+00  2.191e-09  2.797e-11] [   31 -243   82]
 NS     46-2    2.002e+03 [ -14  1.975e-01  4.327e-10  2.468e-11] [   31 -244   75]
 NS     46-3    2.006e+03 [ -32  2.444e-02  5.355e-11  1.471e-11] [   31 -249   84]
 NS     47-1    2.010e+03 [   0  1.000e+00  1.505e-09  4.425e-11] [   31 -238   77]
 NS     47-2    2.015e+03 [ -14  1.984e-01  2.985e-10  4.987e-11] [   31 -237   79]
 NS     47-3    2.019e+03 [ -32  2.500e-02  3.761e-11  4.092e-11] [   31 -239   83]
 NS     48-1    2.035e+03 [   0  1.000e+00  1.033e-09  6.062e-11] [   31 -235   94]
 NS     48-2    2.039e+03 [ -14  1.981e-01  2.047e-10  6.110e-11] [   31 -235   79]
 NS     48-3    2.044e+03 [ -31  2.540e-02  2.625e-11  3.604e-11] [   31 -240   84]
 NS     49-1    2.048e+03 [   0  1.000e+00  7.105e-10  4.054e-11] [   31 -239   82]
 NS     49-2    2.052e+03 [ -14  1.970e-01  1.400e-10  3.805e-11] [   31 -240   82]
 NS     49-3    2.057e+03 [ -32  2.504e-02  1.779e-11  1.802e-11] [   31 -247   80]
 NS     50-1    2.061e+03 [   0  1.000e+00  4.880e-10  3.418e-11] [   31 -241   76]
 NS     50-2s   2.065e+03 [ -14  1.977e-01  9.646e-11  3.253e-11] [   31 -241   85]
 NS     51-1    2.071e+03 [   0  1.000e+00  3.294e-10  4.558e-11] [   31 -238   62]
 NS     51-2    2.076e+03 [ -14  1.994e-01  6.567e-11  5.117e-11] [   31 -237   75]
 NS     52-1    2.080e+03 [   0  1.000e+00  2.228e-10  5.527e-11] [   31 -236   83]
 NS     52-2    2.084e+03 [ -14  1.983e-01  4.419e-11  4.678e-11] [   31 -238   83]
 NS     53-1    2.099e+03 [   0  1.000e+00  1.507e-10  2.749e-11] [   31 -243   95]
 NS     53-2    2.104e+03 [ -14  1.969e-01  2.967e-11  4.110e-11] [   31 -239   75]
 NS     54-1    2.108e+03 [   0  1.000e+00  1.016e-10  4.090e-11] [   31 -239   83]
 NS     54-2    2.113e+03 [ -14  1.977e-01  2.008e-11  3.563e-11] [   31 -241   78]
 NS     55-1    2.117e+03 [   0  1.000e+00  6.835e-11  4.485e-11] [   31 -238   75]
 NS     55-2    2.121e+03 [ -14  1.979e-01  1.352e-11  4.104e-11] [   31 -239   82]
 NS     56-1    2.126e+03 [   0  1.000e+00  4.610e-11  3.126e-11] [   31 -242   76]
 NS     56-2    2.131e+03 [ -14  1.963e-01  9.048e-12  3.652e-11] [   31 -240   78]
 NS     57-1    2.135e+03 [   0  1.000e+00  3.113e-11  2.565e-11] [   31 -244   83]
 NS     57-2    2.139e+03 [ -14  1.960e-01  6.101e-12  3.881e-11] [   31 -240   79]
 NS     58-1    2.155e+03 [   0  1.000e+00  2.099e-11  3.960e-11] [   31 -240   94]
 NS     58-2    2.159e+03 [ -14  1.968e-01  4.131e-12  2.515e-11] [   31 -244   85]
 NS     59-1    2.163e+03 [   0  1.000e+00  1.416e-11  4.016e-11] [   31 -239   82]
 NS     59-2    2.168e+03 [ -14  1.958e-01  2.774e-12  4.585e-11] [   31 -238   84]
 NS     60-1    2.172e+03 [   0  1.000e+00  9.577e-12  3.467e-11] [   31 -241   83]
 NS     60-2s   2.176e+03 [ -14  1.944e-01  1.862e-12  5.237e-11] [   31 -237   80]
 NS     61-1    2.182e+03 [   0  1.000e+00  6.483e-12  2.433e-11] [   31 -244   64]
 NS     61-2    2.186e+03 [ -14  1.944e-01  1.260e-12  2.478e-11] [   31 -244   84]
 NS     62-1    2.190e+03 [   0  1.000e+00  4.389e-12  3.467e-11] [   31 -241   81]
 NS     62-2    2.194e+03 [ -14  1.947e-01  8.547e-13  2.727e-11] [   31 -243   81]
 NS     63-1    2.210e+03 [   0  1.000e+00  2.973e-12  3.718e-11] [   31 -240   94]
 NS     63-2    2.214e+03 [ -14  1.947e-01  5.787e-13  5.068e-11] [   31 -237   75]
 NS     64-1    2.218e+03 [   0  1.000e+00  2.018e-12  2.092e-11] [   31 -246   84]
 NS     64-2    2.222e+03 [ -14  1.965e-01  3.964e-13  2.800e-11] [   31 -243   83]
 NS     65-1    2.227e+03 [   0  1.000e+00  1.374e-12  3.411e-11] [   31 -241   78]
 NS     65-2    2.231e+03 [ -13  2.017e-01  2.771e-13  1.711e-11] [   31 -248   82]
 NS     66-1    2.236e+03 [   0  1.000e+00  9.383e-13  4.442e-11] [   31 -238   74]
 NS     66-2    2.240e+03 [ -13  2.125e-01  1.994e-13  3.786e-11] [   31 -240   85]
 NS     67-1    2.244e+03 [   0  1.000e+00  6.455e-13  2.724e-11] [   31 -243   79]
 NS     67-2    2.249e+03 [ -12  2.334e-01  1.507e-13  3.298e-11] [   31 -241   82]
 NS     68-1    2.264e+03 [   0  1.000e+00  4.521e-13  1.311e-11] [   31 -251   95]
 NS     68-2    2.268e+03 [ -11  2.679e-01  1.211e-13  1.674e-11] [   31 -248   84]
 NS     69-1    2.272e+03 [   0  1.000e+00  3.258e-13  2.710e-11] [   31 -243   76]
 NS     69-2    2.277e+03 [  -9  3.230e-01  1.052e-13  1.360e-11] [   31 -250   84]
 NS     70-1    2.281e+03 [   0  1.000e+00  2.453e-13  3.170e-11] [   31 -242   76]
 NS     70-2s   2.285e+03 [  -7  4.030e-01  9.887e-14  1.522e-11] [   31 -249   85]
 NS     71-1    2.291e+03 [   0  1.000e+00  1.979e-13  1.266e-11] [   31 -251   63]
 NS     71-2    2.295e+03 [  -6  4.776e-01  9.453e-14  9.646e-12] [   31 -254   77]
