-----------------------------------------------------------------------------------
 Eq      N-i            T    dB      Ri/R1      Ri/R0       R/Ri    lsIt   dB   %t
-----------------------------------------------------------------------------------
 NS     11-1    1.711e+03 [   0  1.000e+00  5.494e-02  9.921e-11] [  646 -230    3]
 NS     11-2    1.754e+03 [-129  3.390e-07  1.863e-08  9.896e-11] [  523 -230   98]
 NS     11-3    1.789e+03 [-239  1.104e-12  6.067e-14  1.605e-08] [  416 -179   98]
 NS     12-1    1.842e+03 [   0  1.000e+00  3.209e-02  9.981e-11] [  643 -230   99]
 NS     12-2    1.880e+03 [-129  3.301e-07  1.059e-08  9.684e-11] [  450 -231   98]
 NS     12-3    1.915e+03 [-237  1.401e-12  4.494e-14  2.182e-08] [  402 -176   98]
 NS     13-1    1.972e+03 [   0  1.000e+00  1.849e-02  9.946e-11] [  641 -230   99]
 NS     13-2    2.020e+03 [-129  3.269e-07  6.044e-09  9.985e-11] [  532 -230   99]
 NS     13-3    2.056e+03 [-233  2.076e-12  3.838e-14  2.565e-08] [  375 -175   98]
 NS     14-1    2.115e+03 [   0  1.000e+00  1.053e-02  9.955e-11] [  641 -230   99]
 NS     14-2    2.160e+03 [-129  3.224e-07  3.395e-09  9.525e-11] [  486 -231   99]
 NS     14-3    2.194e+03 [-229  3.435e-12  3.617e-14  2.653e-08] [  352 -174   98]
 NS     15-1    2.254e+03 [   0  1.000e+00  5.936e-03  9.974e-11] [  644 -230   99]
 NS     15-2    2.300e+03 [-129  3.205e-07  1.902e-09  9.762e-11] [  485 -230   99]
 NS     15-3    2.328e+03 [-224  6.009e-12  3.567e-14  2.505e-08] [  291 -175   98]
 NS     16-1    2.388e+03 [   0  1.000e+00  3.316e-03  9.929e-11] [  647 -230   99]
 NS     16-2    2.435e+03 [-129  3.186e-07  1.057e-09  9.730e-11] [  488 -231   98]
 NS     16-3    2.462e+03 [-219  1.061e-11  3.517e-14  2.768e-08] [  282 -174   98]
 NS     17-1    2.523e+03 [   0  1.000e+00  1.838e-03  9.944e-11] [  650 -230   99]
 NS     17-2    2.570e+03 [-129  3.180e-07  5.844e-10  9.509e-11] [  488 -231   98]
 NS     17-3    2.597e+03 [-214  1.919e-11  3.526e-14  2.676e-08] [  274 -174   98]
 NS     18-1    2.662e+03 [   0  1.000e+00  1.011e-03  9.870e-11] [  654 -230   99]
 NS     18-2    2.711e+03 [-129  3.177e-07  3.213e-10  9.929e-11] [  503 -230   99]
 NS     18-3    2.746e+03 [-209  3.472e-11  3.512e-14  2.684e-08] [  358 -174   98]
 NS     19-1    2.810e+03 [   0  1.000e+00  5.529e-04  9.981e-11] [  657 -230   99]
 NS     19-2    2.858e+03 [-129  3.181e-07  1.759e-10  9.952e-11] [  496 -230   99]
 NS     19-3    2.888e+03 [-203  6.351e-11  3.511e-14  2.785e-08] [  297 -174   98]
 NS     20-1    2.953e+03 [   0  1.000e+00  3.005e-04  9.597e-11] [  660 -231   99]
 NS     20-2s   3.002e+03 [-129  3.189e-07  9.584e-11  9.902e-11] [  489 -230   99]
 NS     21-1    3.069e+03 [   0  1.000e+00  1.624e-04  9.912e-11] [  661 -230   97]
 NS     21-2    3.120e+03 [-129  3.202e-07  5.201e-11  9.841e-11] [  493 -230   98]
 NS     22-1    3.190e+03 [   0  1.000e+00  8.739e-05  9.870e-11] [  663 -230   99]
 NS     22-2    3.241e+03 [-129  3.218e-07  2.812e-11  9.726e-11] [  501 -231   98]
 NS     23-1    3.305e+03 [   0  1.000e+00  4.679e-05  9.696e-11] [  665 -231   99]
 NS     23-2    3.356e+03 [-129  3.237e-07  1.515e-11  9.984e-11] [  527 -230   99]
 NS     24-1    3.419e+03 [   0  1.000e+00  2.495e-05  9.936e-11] [  665 -230   99]
 NS     24-2    3.469e+03 [-129  3.259e-07  8.132e-12  1.178e-10] [  513 -229   99]
 NS     25-1    3.533e+03 [   0  1.000e+00  1.325e-05  9.654e-11] [  664 -231   99]
 NS     25-2    3.580e+03 [-129  3.285e-07  4.353e-12  2.230e-10] [  481 -222   99]
 NS     26-1    3.642e+03 [   0  1.000e+00  7.012e-06  9.722e-11] [  667 -231   99]
 NS     26-2    3.682e+03 [-129  3.313e-07  2.323e-12  4.076e-10] [  426 -216   98]
 NS     27-1    3.741e+03 [   0  1.000e+00  3.697e-06  9.571e-11] [  669 -231   99]
 NS     27-2    3.784e+03 [-129  3.345e-07  1.237e-12  6.937e-10] [  391 -211   98]
 NS     28-1    3.850e+03 [   0  1.000e+00  1.943e-06  9.797e-11] [  669 -230   99]
 NS     28-2    3.887e+03 [-129  3.382e-07  6.572e-13  1.499e-09] [  381 -203   98]
 NS     29-1    3.950e+03 [   0  1.000e+00  1.018e-06  9.323e-11] [  669 -231   99]
 NS     29-2    3.986e+03 [-129  3.430e-07  3.492e-13  2.647e-09] [  375 -197   98]
 NS     30-1    4.049e+03 [   0  1.000e+00  5.319e-07  9.335e-11] [  670 -231   99]
 NS     30-2s   4.084e+03 [-129  3.507e-07  1.865e-13  5.254e-09] [  363 -191   98]
 NS     31-1    4.147e+03 [   0  1.000e+00  2.771e-07  9.496e-11] [  671 -231   97]
 NS     31-2    4.181e+03 [-128  3.682e-07  1.020e-13  9.306e-09] [  363 -185   98]
 NS     32-1    4.240e+03 [   0  1.000e+00  1.439e-07  9.440e-11] [  672 -231   99]
 NS     32-2    4.270e+03 [-127  4.183e-07  6.022e-14  1.591e-08] [  355 -180   98]
 NS     33-1    4.329e+03 [   0  1.000e+00  7.459e-08  9.836e-11] [  672 -230   99]
 NS     33-2    4.356e+03 [-125  5.619e-07  4.192e-14  2.326e-08] [  323 -176   98]
 NS     34-1    4.412e+03 [   0  1.000e+00  3.856e-08  9.477e-11] [  673 -231   99]
 NS     34-2    4.439e+03 [-120  9.118e-07  3.516e-14  2.745e-08] [  309 -174   97]
 NS     35-1    4.494e+03 [   0  1.000e+00  1.989e-08  9.374e-11] [  673 -231   99]
 NS     35-2    4.524e+03 [-115  1.639e-06  3.259e-14  3.012e-08] [  358 -173   98]
 NS     36-1    4.579e+03 [   0  1.000e+00  1.023e-08  9.979e-11] [  673 -230   99]
 NS     36-2    4.607e+03 [-109  3.183e-06  3.256e-14  3.010e-08] [  330 -173   97]
 NS     37-1    4.661e+03 [   0  1.000e+00  5.253e-09  9.977e-11] [  674 -230   99]
 NS     37-2    4.691e+03 [-104  6.141e-06  3.226e-14  2.936e-08] [  356 -173   98]
 NS     38-1    4.746e+03 [   0  1.000e+00  2.691e-09  9.977e-11] [  677 -230   99]
 NS     38-2    4.774e+03 [ -98  1.192e-05  3.209e-14  3.012e-08] [  328 -173   98]
 NS     39-1    4.829e+03 [   0  1.000e+00  1.376e-09  9.769e-11] [  680 -230   99]
 NS     39-2    4.856e+03 [ -92  2.332e-05  3.209e-14  3.055e-08] [  330 -173   98]
 NS     40-1    4.912e+03 [   0  1.000e+00  7.022e-10  9.831e-11] [  682 -230   99]
 NS     40-2s   4.939e+03 [ -86  4.569e-05  3.209e-14  3.019e-08] [  326 -173   98]
 NS     41-1    4.996e+03 [   0  1.000e+00  3.576e-10  9.975e-11] [  686 -230   97]
 NS     41-2    5.020e+03 [ -80  8.963e-05  3.205e-14  3.026e-08] [  286 -173   97]
 NS     42-1    5.076e+03 [   0  1.000e+00  1.818e-10  9.852e-11] [  688 -230   99]
 NS     42-2    5.101e+03 [ -75  1.749e-04  3.180e-14  3.078e-08] [  297 -173   97]
 NS     43-1    5.157e+03 [   0  1.000e+00  9.226e-11  9.940e-11] [  687 -230   99]
 NS     43-2    5.187e+03 [ -69  3.482e-04  3.213e-14  3.067e-08] [  358 -173   98]
 NS     44-1    5.243e+03 [   0  1.000e+00  4.673e-11  9.923e-11] [  686 -230   99]
 NS     44-2    5.269e+03 [ -63  6.810e-04  3.183e-14  3.103e-08] [  305 -173   97]
 NS     45-1    5.326e+03 [   0  1.000e+00  2.363e-11  9.979e-11] [  687 -230   99]
 NS     45-2    5.354e+03 [ -57  1.328e-03  3.140e-14  3.091e-08] [  326 -173   98]
 NS     46-1    5.412e+03 [   0  1.000e+00  1.193e-11  9.936e-11] [  691 -230   99]
 NS     46-2    5.436e+03 [ -51  2.670e-03  3.186e-14  3.098e-08] [  286 -173   97]
 NS     47-1    5.492e+03 [   0  1.000e+00  6.014e-12  1.594e-10] [  673 -226   99]
 NS     47-2    5.516e+03 [ -45  5.249e-03  3.157e-14  3.060e-08] [  295 -173   97]
 NS     48-1    5.570e+03 [   0  1.000e+00  3.027e-12  3.231e-10] [  663 -219   99]
 NS     48-2    5.596e+03 [ -39  1.028e-02  3.112e-14  3.181e-08] [  314 -173   97]
 NS     49-1    5.648e+03 [   0  1.000e+00  1.522e-12  6.451e-10] [  637 -212   99]
 NS     49-2    5.677e+03 [ -33  2.053e-02  3.123e-14  3.140e-08] [  345 -173   98]
 NS     50-1    5.726e+03 [   0  1.000e+00  7.646e-13  1.281e-09] [  608 -205   99]
 NS     50-2s   5.753e+03 [ -27  4.118e-02  3.149e-14  3.137e-08] [  326 -173   97]
 NS     51-1    5.802e+03 [   0  1.000e+00  3.854e-13  2.551e-09] [  591 -198   97]
 NS     51-2    5.830e+03 [ -21  8.065e-02  3.108e-14  3.106e-08] [  327 -173   98]
 NS     52-1    5.875e+03 [   0  1.000e+00  1.972e-13  5.019e-09] [  558 -191   98]
 NS     52-2    5.899e+03 [ -15  1.588e-01  3.131e-14  3.108e-08] [  292 -173   97]
 NS     53-1    5.943e+03 [   0  1.000e+00  1.073e-13  8.976e-09] [  538 -185   98]
 NS     53-2    5.969e+03 [ -10  2.911e-01  3.122e-14  3.092e-08] [  312 -173   97]
 NS     54-1    6.012e+03 [   0  1.000e+00  6.838e-14  1.391e-08] [  526 -181   98]
 NS     54-2    6.035e+03 [  -6  4.596e-01  3.143e-14  3.134e-08] [  278 -173   97]
 NS     55-1    6.075e+03 [   0  1.000e+00  5.538e-14  1.762e-08] [  492 -179   98]
 NS     55-2    6.104e+03 [  -4  5.646e-01  3.127e-14  3.116e-08] [  347 -173   98]
 NS     56-1    6.143e+03 [   0  1.000e+00  5.107e-14  1.927e-08] [  471 -178   98]
 NS     56-2    6.163e+03 [  -4  6.115e-01  3.123e-14  3.075e-08] [  237 -173   97]
 NS     57-1    6.201e+03 [   0  1.000e+00  4.949e-14  1.956e-08] [  457 -177   98]
 NS     57-2    6.230e+03 [  -4  6.269e-01  3.102e-14  3.031e-08] [  345 -173   98]
 NS     58-1    6.265e+03 [   0  1.000e+00  4.982e-14  1.961e-08] [  431 -177   98]
 NS     58-2    6.288e+03 [  -4  6.290e-01  3.134e-14  3.156e-08] [  275 -173   97]
 NS     59-1    6.322e+03 [   0  1.000e+00  4.981e-14  1.966e-08] [  413 -177   98]
 NS     59-2    6.346e+03 [  -4  6.233e-01  3.104e-14  3.014e-08] [  277 -173   97]
 NS     60-1    6.377e+03 [   0  1.000e+00  5.018e-14  1.945e-08] [  380 -178   98]
 NS     60-2s   6.406e+03 [  -4  6.223e-01  3.122e-14  3.137e-08] [  354 -173   98]
 NS     61-1    6.437e+03 [   0  1.000e+00  5.055e-14  1.934e-08] [  352 -178   94]
 NS     61-2    6.463e+03 [  -4  6.032e-01  3.049e-14  3.232e-08] [  311 -172   97]
 NS     62-1    6.492e+03 [   0  1.000e+00  4.945e-14  1.943e-08] [  351 -178   98]
 NS     62-2    6.521e+03 [  -4  6.036e-01  2.985e-14  3.262e-08] [  357 -172   98]
 NS     63-1    6.549e+03 [   0  1.000e+00  4.952e-14  1.969e-08] [  333 -177   97]
 NS     63-2    6.573e+03 [  -4  6.043e-01  2.993e-14  3.291e-08] [  279 -172   97]
 NS     64-1    6.597e+03 [   0  1.000e+00  4.895e-14  1.972e-08] [  293 -177   97]
 NS     64-2    6.620e+03 [  -4  6.119e-01  2.995e-14  3.296e-08] [  274 -172   97]
 NS     65-1    6.650e+03 [   0  1.000e+00  4.881e-14  2.002e-08] [  362 -177   98]
 NS     65-2    6.677e+03 [  -4  6.195e-01  3.024e-14  3.222e-08] [  324 -173   97]
 NS     66-1    6.702e+03 [   0  1.000e+00  4.774e-14  1.997e-08] [  290 -177   97]
 NS     66-2    6.728e+03 [  -3  6.571e-01  3.137e-14  3.112e-08] [  317 -173   97]
 NS     67-1    6.753e+03 [   0  1.000e+00  4.717e-14  2.032e-08] [  293 -177   97]
 NS     67-2    6.779e+03 [  -3  6.549e-01  3.089e-14  3.200e-08] [  317 -173   98]
 NS     68-1    6.806e+03 [   0  1.000e+00  4.679e-14  2.115e-08] [  320 -177   97]
 NS     68-2    6.830e+03 [  -4  6.252e-01  2.925e-14  3.388e-08] [  278 -172   97]
 NS     69-1    6.858e+03 [   0  1.000e+00  4.615e-14  2.085e-08] [  339 -177   98]
 NS     69-2    6.880e+03 [  -3  6.578e-01  3.036e-14  3.228e-08] [  262 -172   97]
 NS     70-1    6.905e+03 [   0  1.000e+00  4.708e-14  2.001e-08] [  294 -177   97]
 NS     70-2s   6.924e+03 [  -3  6.317e-01  2.974e-14  2.969e-08] [  230 -173   97]
 NS     71-1    6.947e+03 [   0  1.000e+00  4.735e-14  2.088e-08] [  250 -177   93]
 NS     71-2    6.968e+03 [  -3  6.375e-01  3.019e-14  2.977e-08] [  250 -173   97]
 NS     72-1    6.999e+03 [   0  1.000e+00  4.623e-14  2.130e-08] [  371 -177   98]
 NS     72-2    7.020e+03 [  -3  6.683e-01  3.089e-14  3.210e-08] [  255 -173   97]
 NS     73-1    7.051e+03 [   0  1.000e+00  4.825e-14  2.053e-08] [  370 -177   98]
 NS     73-2    7.072e+03 [  -3  6.454e-01  3.114e-14  3.175e-08] [  254 -173   97]
 NS     74-1    7.101e+03 [   0  1.000e+00  4.794e-14  2.054e-08] [  341 -177   97]
 NS     74-2    7.125e+03 [  -3  6.386e-01  3.061e-14  3.195e-08] [  284 -173   97]
 NS     75-1    7.152e+03 [   0  1.000e+00  4.567e-14  2.116e-08] [  319 -177   97]
 NS     75-2    7.181e+03 [  -3  6.760e-01  3.087e-14  3.113e-08] [  343 -173   98]
 NS     76-1    7.210e+03 [   0  1.000e+00  4.742e-14  2.038e-08] [  345 -177   98]
 NS     76-2    7.239e+03 [  -3  6.632e-01  3.145e-14  3.122e-08] [  350 -173   98]
 NS     77-1    7.269e+03 [   0  1.000e+00  4.869e-14  2.008e-08] [  358 -177   98]
 NS     77-2    7.289e+03 [  -3  6.449e-01  3.140e-14  3.148e-08] [  242 -173   97]
 NS     78-1    7.320e+03 [   0  1.000e+00  4.859e-14  2.010e-08] [  371 -177   98]
 NS     78-2    7.347e+03 [  -3  6.333e-01  3.077e-14  3.204e-08] [  324 -173   98]
 NS     79-1    7.378e+03 [   0  1.000e+00  4.942e-14  1.982e-08] [  366 -177   98]
 NS     79-2    7.406e+03 [  -3  6.360e-01  3.143e-14  3.001e-08] [  347 -173   98]
 NS     80-1    7.437e+03 [   0  1.000e+00  4.930e-14  1.968e-08] [  370 -177   98]
 NS     80-2s   7.466e+03 [  -4  6.290e-01  3.101e-14  3.162e-08] [  343 -173   98]
