# svMultiPhysics boundary integral results file. 
# Quantities represent averaged scalar or flux values over each mesh face.
#        
# Format 
# ------ 
# face areas: [list of mesh face areas]  
# step time [list of mesh face names] 
# [time step] [time] [list of computed values for each mesh face]
face areas:  2.024e-09  5.049e-12  4.356e-12  7.757e-12  4.239e-12 
step   time   WALL  OUTLET_03  OUTLET_01  INLET  OUTLET_02 
 1   1.5040600917e-07  5.2890623745e+03  1.2834384637e+03  8.3942726493e+00  1.3727550376e+04  6.8777657781e+03 
 2   3.0081201834e-07  9.3519898287e+02  6.4428912393e+02  7.5660544823e+00  -3.3744793722e+02  3.4240325754e+03 
 3   4.5121802751e-07  4.3066118127e+03  9.6451596709e+02  8.3261941426e+00  1.1818712070e+04  5.1549239500e+03 
 4   6.0162403668e-07  1.8586628411e+03  8.0407394262e+02  7.5895826920e+00  2.4792049930e+03  4.2870495175e+03 
 5   7.5203004584e-07  3.5412538471e+03  8.8442122053e+02  8.0718130366e+00  9.1109790963e+03  4.7226022331e+03 
 6   9.0243605501e-07  2.4339030999e+03  8.4418082191e+02  7.7869028821e+00  4.6534660330e+03  4.5038737093e+03 
 7   1.0528420642e-06  3.1383503207e+03  8.6434071480e+02  7.9558531671e+00  7.5315438808e+03  4.6137704737e+03 
 8   1.2032480734e-06  2.7021132559e+03  8.5423771338e+02  7.8548932330e+00  5.7296263043e+03  4.5585259853e+03 
 9   1.3536540825e-06  2.9664158060e+03  8.5930223038e+02  7.9148389843e+00  6.8304426614e+03  4.5863133361e+03 
 10   1.5040600917e-06  2.8091708580e+03  8.5676273635e+02  7.8796450948e+00  6.1713282484e+03  4.5723277872e+03 
 11   1.6544661009e-06  2.9012866799e+03  8.5803646787e+02  7.9000890919e+00  6.5593798172e+03  4.5793713593e+03 
 12   1.8048721100e-06  2.8480409660e+03  8.5739742338e+02  7.8883214473e+00  6.3341698735e+03  4.5758217153e+03 
 13   1.9552781192e-06  2.8784602658e+03  8.5771813045e+02  7.8950409741e+00  6.4632654217e+03  4.5776116881e+03 
 14   2.1056841284e-06  2.8612607884e+03  8.5755713514e+02  7.8912308557e+00  6.3900593800e+03  4.5767085238e+03 
 15   2.2560901375e-06  2.8708962511e+03  8.5763797946e+02  7.8933781076e+00  6.4311792768e+03  4.5771644930e+03 
 16   2.4064961467e-06  2.8655427570e+03  8.5759737043e+02  7.8921744017e+00  6.4082766794e+03  4.5769341656e+03 
 17   2.5569021559e-06  2.8684951056e+03  8.5761777548e+02  7.8928460374e+00  6.4209364656e+03  4.5770505767e+03 
 18   2.7073081650e-06  2.8668778680e+03  8.5760751899e+02  7.8924728403e+00  6.4139862522e+03  4.5769917081e+03 
 19   2.8577141742e-06  2.8677583598e+03  8.5761267613e+02  7.8926794210e+00  6.4177782988e+03  4.5770214944e+03 
 20   3.0081201834e-06  2.8672816484e+03  8.5761008213e+02  7.8925654751e+00  6.4157210444e+03  4.5770064145e+03 
 21   3.1585261925e-06  2.8675384311e+03  8.5761138734e+02  7.8926281141e+00  6.4168313540e+03  4.5770140534e+03 
 22   3.3089322017e-06  2.8674007645e+03  8.5761073038e+02  7.8925937907e+00  6.4162349813e+03  4.5770101816e+03 
 23   3.4593382109e-06  2.8674742484e+03  8.5761106116e+02  7.8926125403e+00  6.4165538865e+03  4.5770121452e+03 
 24   3.6097442201e-06  2.8674351838e+03  8.5761089456e+02  7.8926023285e+00  6.4163840590e+03  4.5770111488e+03 
 25   3.7601502292e-06  2.8674558714e+03  8.5761097850e+02  7.8926078744e+00  6.4164741482e+03  4.5770116547e+03 
 26   3.9105562384e-06  2.8674449553e+03  8.5761093620e+02  7.8926048707e+00  6.4164265317e+03  4.5770113977e+03 
 27   4.0609622476e-06  2.8674506956e+03  8.5761095752e+02  7.8926064933e+00  6.4164516131e+03  4.5770115283e+03 
 28   4.2113682567e-06  2.8674476869e+03  8.5761094677e+02  7.8926056189e+00  6.4164384446e+03  4.5770114619e+03 
 29   4.3617742659e-06  2.8674492590e+03  8.5761095219e+02  7.8926060890e+00  6.4164453371e+03  4.5770114957e+03 
 30   4.5121802751e-06  2.8674484400e+03  8.5761094946e+02  7.8926058368e+00  6.4164417401e+03  4.5770114785e+03 
 31   4.6625862842e-06  2.8674488655e+03  8.5761095084e+02  7.8926059718e+00  6.4164436120e+03  4.5770114872e+03 
 32   4.8129922934e-06  2.8674486450e+03  8.5761095014e+02  7.8926058997e+00  6.4164426405e+03  4.5770114828e+03 
 33   4.9633983026e-06  2.8674487589e+03  8.5761095049e+02  7.8926059382e+00  6.4164431434e+03  4.5770114851e+03 
 34   5.1138043117e-06  2.8674487002e+03  8.5761095031e+02  7.8926059177e+00  6.4164428837e+03  4.5770114839e+03 
 35   5.2642103209e-06  2.8674487304e+03  8.5761095040e+02  7.8926059286e+00  6.4164430175e+03  4.5770114845e+03 
 36   5.4146163301e-06  2.8674487149e+03  8.5761095036e+02  7.8926059228e+00  6.4164429488e+03  4.5770114842e+03 
 37   5.5650223392e-06  2.8674487228e+03  8.5761095038e+02  7.8926059259e+00  6.4164429840e+03  4.5770114843e+03 
 38   5.7154283484e-06  2.8674487188e+03  8.5761095037e+02  7.8926059242e+00  6.4164429660e+03  4.5770114843e+03 
 39   5.8658343576e-06  2.8674487209e+03  8.5761095038e+02  7.8926059251e+00  6.4164429752e+03  4.5770114843e+03 
 40   6.0162403668e-06  2.8674487198e+03  8.5761095037e+02  7.8926059247e+00  6.4164429705e+03  4.5770114843e+03 
 41   6.1666463759e-06  2.8674487203e+03  8.5761095037e+02  7.8926059249e+00  6.4164429729e+03  4.5770114843e+03 
 42   6.3170523851e-06  2.8674487201e+03  8.5761095037e+02  7.8926059248e+00  6.4164429717e+03  4.5770114843e+03 
 43   6.4674583943e-06  2.8674487202e+03  8.5761095037e+02  7.8926059248e+00  6.4164429723e+03  4.5770114843e+03 
 44   6.6178644034e-06  2.8674487201e+03  8.5761095037e+02  7.8926059248e+00  6.4164429720e+03  4.5770114843e+03 
 45   6.7682704126e-06  2.8674487202e+03  8.5761095037e+02  7.8926059248e+00  6.4164429721e+03  4.5770114843e+03 
 46   6.9186764218e-06  2.8674487201e+03  8.5761095037e+02  7.8926059248e+00  6.4164429720e+03  4.5770114843e+03 
 47   7.0690824309e-06  2.8674487202e+03  8.5761095037e+02  7.8926059248e+00  6.4164429721e+03  4.5770114843e+03 
 48   7.2194884401e-06  2.8674487202e+03  8.5761095037e+02  7.8926059248e+00  6.4164429721e+03  4.5770114843e+03 
 49   7.3698944493e-06  2.8674487202e+03  8.5761095037e+02  7.8926059248e+00  6.4164429721e+03  4.5770114843e+03 
 50   7.5203004584e-06  2.8674487202e+03  8.5761095037e+02  7.8926059248e+00  6.4164429721e+03  4.5770114843e+03 
 51   7.6707064676e-06  2.8674487202e+03  8.5761095037e+02  7.8926059248e+00  6.4164429721e+03  4.5770114843e+03 
 52   7.8211124768e-06  2.8674487202e+03  8.5761095037e+02  7.8926059248e+00  6.4164429721e+03  4.5770114843e+03 
 53   7.9715184859e-06  2.8674487202e+03  8.5761095037e+02  7.8926059248e+00  6.4164429721e+03  4.5770114843e+03 
 54   8.1219244951e-06  2.8674487202e+03  8.5761095037e+02  7.8926059248e+00  6.4164429721e+03  4.5770114843e+03 
 55   8.2723305043e-06  2.8674487202e+03  8.5761095037e+02  7.8926059248e+00  6.4164429721e+03  4.5770114843e+03 
 56   8.4227365135e-06  2.8674487202e+03  8.5761095037e+02  7.8926059248e+00  6.4164429721e+03  4.5770114843e+03 
 57   8.5731425226e-06  2.8674487202e+03  8.5761095037e+02  7.8926059248e+00  6.4164429721e+03  4.5770114843e+03 
 58   8.7235485318e-06  2.8674487202e+03  8.5761095037e+02  7.8926059248e+00  6.4164429721e+03  4.5770114843e+03 
 59   8.8739545410e-06  2.8674487202e+03  8.5761095037e+02  7.8926059248e+00  6.4164429721e+03  4.5770114843e+03 
 60   9.0243605501e-06  2.8674487202e+03  8.5761095037e+02  7.8926059248e+00  6.4164429721e+03  4.5770114843e+03 
 61   9.1747665593e-06  2.8674487202e+03  8.5761095037e+02  7.8926059248e+00  6.4164429721e+03  4.5770114843e+03 
 62   9.3251725685e-06  2.8674487202e+03  8.5761095037e+02  7.8926059248e+00  6.4164429721e+03  4.5770114843e+03 
 63   9.4755785776e-06  2.8674487202e+03  8.5761095037e+02  7.8926059248e+00  6.4164429721e+03  4.5770114843e+03 
 64   9.6259845868e-06  2.8674487202e+03  8.5761095037e+02  7.8926059248e+00  6.4164429721e+03  4.5770114843e+03 
 65   9.7763905960e-06  2.8674487202e+03  8.5761095037e+02  7.8926059248e+00  6.4164429721e+03  4.5770114843e+03 
 66   9.9267966051e-06  2.8674487202e+03  8.5761095037e+02  7.8926059248e+00  6.4164429721e+03  4.5770114843e+03 
 67   1.0077202614e-05  2.8674487202e+03  8.5761095037e+02  7.8926059248e+00  6.4164429721e+03  4.5770114843e+03 
 68   1.0227608623e-05  2.8674487202e+03  8.5761095037e+02  7.8926059248e+00  6.4164429721e+03  4.5770114843e+03 
 69   1.0378014633e-05  2.8674487202e+03  8.5761095037e+02  7.8926059248e+00  6.4164429721e+03  4.5770114843e+03 
 70   1.0528420642e-05  2.8674487202e+03  8.5761095037e+02  7.8926059248e+00  6.4164429721e+03  4.5770114843e+03 
 71   1.0678826651e-05  2.8674487202e+03  8.5761095037e+02  7.8926059248e+00  6.4164429721e+03  4.5770114843e+03 
