# svMultiPhysics boundary integral results file. 
# Quantities represent averaged scalar or flux values over each mesh face.
#        
# Format 
# ------ 
# face areas: [list of mesh face areas]  
# step time [list of mesh face names] 
# [time step] [time] [list of computed values for each mesh face]
face areas:  2.024e-09  5.049e-12  4.356e-12  7.757e-12  4.239e-12 
step   time   WALL  OUTLET_03  OUTLET_01  INLET  OUTLET_02 
 1   1.5040600917e-07  0.0000000000e+00  5.7741554210e-15  5.0766651424e-15  -1.5513591604e-14  1.2419566843e-14 
 2   3.0081201834e-07  0.0000000000e+00  5.8007026751e-15  5.5254741548e-15  -1.5513591604e-14  3.0901687334e-16 
 3   4.5121802751e-07  0.0000000000e+00  6.1098823826e-15  5.4186956069e-15  -1.5513591604e-14  5.9242125655e-15 
 4   6.0162403668e-07  0.0000000000e+00  5.8314134254e-15  5.2925056673e-15  -1.5513591604e-14  3.4200730364e-15 
 5   7.5203004584e-07  0.0000000000e+00  5.9761830487e-15  5.3797504173e-15  -1.5513591604e-14  4.6424578760e-15 
 6   9.0243605501e-07  0.0000000000e+00  5.9074395287e-15  5.3411348981e-15  -1.5513591604e-14  4.0226173087e-15 
 7   1.0528420642e-06  0.0000000000e+00  5.9410262277e-15  5.3584664462e-15  -1.5513591604e-14  4.3352988649e-15 
 8   1.2032480734e-06  0.0000000000e+00  5.9241506308e-15  5.3497793811e-15  -1.5513591604e-14  4.1790616254e-15 
 9   1.3536540825e-06  0.0000000000e+00  5.9327034286e-15  5.3543140445e-15  -1.5513591604e-14  4.2568741149e-15 
 10   1.5040600917e-06  0.0000000000e+00  5.9283720802e-15  5.3519623010e-15  -1.5513591604e-14  4.2181072314e-15 
 11   1.6544661009e-06  0.0000000000e+00  5.9305574106e-15  5.3531675160e-15  -1.5513591604e-14  4.2374416737e-15 
 12   1.8048721100e-06  0.0000000000e+00  5.9294601177e-15  5.3525548073e-15  -1.5513591604e-14  4.2277891814e-15 
 13   1.9552781192e-06  0.0000000000e+00  5.9300083023e-15  5.3528643103e-15  -1.5513591604e-14  4.2326127408e-15 
 14   2.1056841284e-06  0.0000000000e+00  5.9297356490e-15  5.3527088804e-15  -1.5513591604e-14  4.2302002006e-15 
 15   2.2560901375e-06  0.0000000000e+00  5.9298708635e-15  5.3527865861e-15  -1.5513591604e-14  4.2314075920e-15 
 16   2.4064961467e-06  0.0000000000e+00  5.9298038725e-15  5.3527478264e-15  -1.5513591604e-14  4.2308031869e-15 
 17   2.5569021559e-06  0.0000000000e+00  5.9298370946e-15  5.3527671612e-15  -1.5513591604e-14  4.2311057079e-15 
 18   2.7073081650e-06  0.0000000000e+00  5.9298205794e-15  5.3527574972e-15  -1.5513591604e-14  4.2309543481e-15 
 19   2.8577141742e-06  0.0000000000e+00  5.9298288149e-15  5.3527623425e-15  -1.5513591604e-14  4.2310300369e-15 
 20   3.0081201834e-06  0.0000000000e+00  5.9298246959e-15  5.3527599050e-15  -1.5513591604e-14  4.2309922086e-15 
 21   3.1585261925e-06  0.0000000000e+00  5.9298267606e-15  5.3527611348e-15  -1.5513591604e-14  4.2310111065e-15 
 22   3.3089322017e-06  0.0000000000e+00  5.9298257245e-15  5.3527605131e-15  -1.5513591604e-14  4.2310016681e-15 
 23   3.4593382109e-06  0.0000000000e+00  5.9298262444e-15  5.3527608276e-15  -1.5513591604e-14  4.2310063817e-15 
 24   3.6097442201e-06  0.0000000000e+00  5.9298259838e-15  5.3527606685e-15  -1.5513591604e-14  4.2310040274e-15 
 25   3.7601502292e-06  0.0000000000e+00  5.9298261142e-15  5.3527607489e-15  -1.5513591604e-14  4.2310052036e-15 
 26   3.9105562384e-06  0.0000000000e+00  5.9298260491e-15  5.3527607084e-15  -1.5513591604e-14  4.2310046158e-15 
 27   4.0609622476e-06  0.0000000000e+00  5.9298260815e-15  5.3527607288e-15  -1.5513591604e-14  4.2310049096e-15 
 28   4.2113682567e-06  0.0000000000e+00  5.9298260654e-15  5.3527607185e-15  -1.5513591604e-14  4.2310047627e-15 
 29   4.3617742659e-06  0.0000000000e+00  5.9298260734e-15  5.3527607237e-15  -1.5513591604e-14  4.2310048362e-15 
 30   4.5121802751e-06  0.0000000000e+00  5.9298260694e-15  5.3527607211e-15  -1.5513591604e-14  4.2310047994e-15 
 31   4.6625862842e-06  0.0000000000e+00  5.9298260714e-15  5.3527607224e-15  -1.5513591604e-14  4.2310048178e-15 
 32   4.8129922934e-06  0.0000000000e+00  5.9298260704e-15  5.3527607217e-15  -1.5513591604e-14  4.2310048086e-15 
 33   4.9633983026e-06  0.0000000000e+00  5.9298260709e-15  5.3527607221e-15  -1.5513591604e-14  4.2310048132e-15 
 34   5.1138043117e-06  0.0000000000e+00  5.9298260707e-15  5.3527607219e-15  -1.5513591604e-14  4.2310048109e-15 
 35   5.2642103209e-06  0.0000000000e+00  5.9298260708e-15  5.3527607220e-15  -1.5513591604e-14  4.2310048121e-15 
 36   5.4146163301e-06  0.0000000000e+00  5.9298260707e-15  5.3527607220e-15  -1.5513591604e-14  4.2310048115e-15 
 37   5.5650223392e-06  0.0000000000e+00  5.9298260708e-15  5.3527607220e-15  -1.5513591604e-14  4.2310048118e-15 
 38   5.7154283484e-06  0.0000000000e+00  5.9298260707e-15  5.3527607220e-15  -1.5513591604e-14  4.2310048116e-15 
 39   5.8658343576e-06  0.0000000000e+00  5.9298260707e-15  5.3527607220e-15  -1.5513591604e-14  4.2310048117e-15 
 40   6.0162403668e-06  0.0000000000e+00  5.9298260707e-15  5.3527607220e-15  -1.5513591604e-14  4.2310048117e-15 
 41   6.1666463759e-06  0.0000000000e+00  5.9298260707e-15  5.3527607220e-15  -1.5513591604e-14  4.2310048117e-15 
 42   6.3170523851e-06  0.0000000000e+00  5.9298260707e-15  5.3527607220e-15  -1.5513591604e-14  4.2310048117e-15 
 43   6.4674583943e-06  0.0000000000e+00  5.9298260707e-15  5.3527607220e-15  -1.5513591604e-14  4.2310048117e-15 
 44   6.6178644034e-06  0.0000000000e+00  5.9298260707e-15  5.3527607220e-15  -1.5513591604e-14  4.2310048117e-15 
 45   6.7682704126e-06  0.0000000000e+00  5.9298260707e-15  5.3527607220e-15  -1.5513591604e-14  4.2310048117e-15 
 46   6.9186764218e-06  0.0000000000e+00  5.9298260707e-15  5.3527607220e-15  -1.5513591604e-14  4.2310048117e-15 
 47   7.0690824309e-06  0.0000000000e+00  5.9298260707e-15  5.3527607220e-15  -1.5513591604e-14  4.2310048117e-15 
 48   7.2194884401e-06  0.0000000000e+00  5.9298260707e-15  5.3527607220e-15  -1.5513591604e-14  4.2310048117e-15 
 49   7.3698944493e-06  0.0000000000e+00  5.9298260707e-15  5.3527607220e-15  -1.5513591604e-14  4.2310048117e-15 
 50   7.5203004584e-06  0.0000000000e+00  5.9298260707e-15  5.3527607220e-15  -1.5513591604e-14  4.2310048117e-15 
 51   7.6707064676e-06  0.0000000000e+00  5.9298260707e-15  5.3527607220e-15  -1.5513591604e-14  4.2310048117e-15 
 52   7.8211124768e-06  0.0000000000e+00  5.9298260707e-15  5.3527607220e-15  -1.5513591604e-14  4.2310048117e-15 
 53   7.9715184859e-06  0.0000000000e+00  5.9298260707e-15  5.3527607220e-15  -1.5513591604e-14  4.2310048117e-15 
 54   8.1219244951e-06  0.0000000000e+00  5.9298260707e-15  5.3527607220e-15  -1.5513591604e-14  4.2310048117e-15 
 55   8.2723305043e-06  0.0000000000e+00  5.9298260707e-15  5.3527607220e-15  -1.5513591604e-14  4.2310048117e-15 
 56   8.4227365135e-06  0.0000000000e+00  5.9298260707e-15  5.3527607220e-15  -1.5513591604e-14  4.2310048117e-15 
 57   8.5731425226e-06  0.0000000000e+00  5.9298260707e-15  5.3527607220e-15  -1.5513591604e-14  4.2310048117e-15 
 58   8.7235485318e-06  0.0000000000e+00  5.9298260707e-15  5.3527607220e-15  -1.5513591604e-14  4.2310048117e-15 
 59   8.8739545410e-06  0.0000000000e+00  5.9298260707e-15  5.3527607220e-15  -1.5513591604e-14  4.2310048117e-15 
 60   9.0243605501e-06  0.0000000000e+00  5.9298260707e-15  5.3527607220e-15  -1.5513591604e-14  4.2310048117e-15 
 61   9.1747665593e-06  0.0000000000e+00  5.9298260707e-15  5.3527607220e-15  -1.5513591604e-14  4.2310048117e-15 
 62   9.3251725685e-06  0.0000000000e+00  5.9298260707e-15  5.3527607220e-15  -1.5513591604e-14  4.2310048117e-15 
 63   9.4755785776e-06  0.0000000000e+00  5.9298260707e-15  5.3527607220e-15  -1.5513591604e-14  4.2310048117e-15 
 64   9.6259845868e-06  0.0000000000e+00  5.9298260707e-15  5.3527607220e-15  -1.5513591604e-14  4.2310048117e-15 
 65   9.7763905960e-06  0.0000000000e+00  5.9298260707e-15  5.3527607220e-15  -1.5513591604e-14  4.2310048117e-15 
 66   9.9267966051e-06  0.0000000000e+00  5.9298260707e-15  5.3527607220e-15  -1.5513591604e-14  4.2310048117e-15 
 67   1.0077202614e-05  0.0000000000e+00  5.9298260707e-15  5.3527607220e-15  -1.5513591604e-14  4.2310048117e-15 
 68   1.0227608623e-05  0.0000000000e+00  5.9298260707e-15  5.3527607220e-15  -1.5513591604e-14  4.2310048117e-15 
 69   1.0378014633e-05  0.0000000000e+00  5.9298260707e-15  5.3527607220e-15  -1.5513591604e-14  4.2310048117e-15 
 70   1.0528420642e-05  0.0000000000e+00  5.9298260707e-15  5.3527607220e-15  -1.5513591604e-14  4.2310048117e-15 
 71   1.0678826651e-05  0.0000000000e+00  5.9298260707e-15  5.3527607220e-15  -1.5513591604e-14  4.2310048117e-15 
