-----------------------------------------------------------------------------------
 Eq      N-i            T    dB      Ri/R1      Ri/R0       R/Ri    lsIt   dB   %t
-----------------------------------------------------------------------------------
 NS      1-1    2.360e+01 [   0  1.000e+00  1.000e+00  9.713e-11] [  525 -231   87]
 NS      1-2    3.341e+01 [-117  1.354e-06  1.354e-06  9.896e-11] [  539 -230   77]
 NS      1-3    4.248e+01 [-214  1.954e-11  1.954e-11  9.631e-11] [  484 -231   75]
 NS      2-1    5.324e+01 [   0  1.000e+00  5.053e-01  9.763e-11] [  603 -230   78]
 NS      2-2    6.354e+01 [-115  1.670e-06  8.441e-07  9.974e-11] [  574 -230   78]
 NS      2-3    7.355e+01 [-206  4.478e-11  2.263e-11  9.487e-11] [  554 -231   77]
 NS      3-1    8.381e+01 [   0  1.000e+00  2.615e-01  9.952e-11] [  569 -230   77]
 NS      3-2    9.325e+01 [-116  1.514e-06  3.960e-07  9.956e-11] [  512 -230   76]
 NS      3-3    1.033e+02 [-209  3.541e-11  9.260e-12  9.506e-11] [  552 -231   77]
 NS      4-1    1.136e+02 [   0  1.000e+00  1.402e-01  9.518e-11] [  572 -231   77]
 NS      4-2    1.232e+02 [-116  1.423e-06  1.995e-07  9.913e-11] [  519 -230   76]
 NS      4-3    1.333e+02 [-210  2.849e-11  3.994e-12  9.874e-11] [  562 -230   78]
 NS      5-1    1.446e+02 [   0  1.000e+00  7.814e-02  9.949e-11] [  644 -230   79]
 NS      5-2    1.553e+02 [-117  1.380e-06  1.078e-07  9.812e-11] [  601 -230   79]
 NS      5-3    1.656e+02 [-212  2.430e-11  1.899e-12  9.442e-11] [  578 -231   78]
 NS      6-1    1.830e+02 [   0  1.000e+00  4.496e-02  9.556e-11] [  665 -231   87]
 NS      6-2    1.918e+02 [-117  1.313e-06  5.903e-08  9.513e-11] [  460 -231   74]
 NS      6-3    2.019e+02 [-211  2.578e-11  1.159e-12  9.569e-11] [  562 -231   77]
 NS      7-1    2.133e+02 [   0  1.000e+00  2.636e-02  9.968e-11] [  646 -230   79]
 NS      7-2    2.222e+02 [-117  1.301e-06  3.429e-08  9.838e-11] [  469 -230   74]
 NS      7-3    2.323e+02 [-212  2.451e-11  6.460e-13  9.974e-11] [  563 -230   77]
 NS      8-1    2.439e+02 [   0  1.000e+00  1.555e-02  9.777e-11] [  662 -230   80]
 NS      8-2    2.534e+02 [-118  1.216e-06  1.892e-08  9.951e-11] [  515 -230   76]
 NS      8-3    2.639e+02 [-212  2.416e-11  3.758e-13  9.861e-11] [  583 -230   78]
 NS      9-1    2.756e+02 [   0  1.000e+00  9.164e-03  9.285e-11] [  668 -231   80]
 NS      9-2    2.852e+02 [-118  1.191e-06  1.092e-08  9.809e-11] [  525 -230   76]
 NS      9-3    2.965e+02 [-212  2.279e-11  2.089e-13  9.025e-11] [  649 -231   80]
 NS     10-1    3.077e+02 [   0  1.000e+00  5.364e-03  9.658e-11] [  632 -231   79]
 NS     10-2    3.167e+02 [-118  1.157e-06  6.208e-09  9.891e-11] [  481 -230   75]
 NS     10-3s   3.268e+02 [-213  2.239e-11  1.201e-13  9.702e-11] [  556 -231   77]
 NS     11-1    3.449e+02 [   0  1.000e+00  3.114e-03  9.994e-11] [  661 -230   83]
 NS     11-2    3.540e+02 [-118  1.142e-06  3.555e-09  9.911e-11] [  489 -230   75]
 NS     11-3    3.640e+02 [-213  2.142e-11  6.669e-14  1.263e-10] [  549 -228   77]
 NS     12-1    3.766e+02 [   0  1.000e+00  1.791e-03  9.733e-11] [  740 -231   82]
 NS     12-2    3.854e+02 [-119  1.114e-06  1.995e-09  9.702e-11] [  456 -231   73]
 NS     12-3    3.954e+02 [-213  2.106e-11  3.770e-14  2.386e-10] [  555 -222   77]
 NS     13-1    4.073e+02 [   0  1.000e+00  1.020e-03  9.966e-11] [  681 -230   80]
 NS     13-2    4.167e+02 [-119  1.098e-06  1.120e-09  9.964e-11] [  511 -230   76]
 NS     13-3    4.262e+02 [-213  2.090e-11  2.133e-14  4.235e-10] [  515 -216   76]
 NS     14-1    4.386e+02 [   0  1.000e+00  5.765e-04  9.693e-11] [  726 -231   82]
 NS     14-2    4.476e+02 [-119  1.076e-06  6.204e-10  1.000e-10] [  474 -230   75]
 NS     14-3    4.562e+02 [-213  2.230e-11  1.285e-14  7.153e-10] [  458 -211   74]
 NS     15-1    4.667e+02 [   0  1.000e+00  3.230e-04  9.693e-11] [  579 -231   78]
 NS     15-2    4.747e+02 [-119  1.062e-06  3.431e-10  9.685e-11] [  408 -231   71]
 NS     15-3    4.838e+02 [-211  2.712e-11  8.761e-15  1.050e-09] [  487 -207   75]
 NS     16-1    5.014e+02 [   0  1.000e+00  1.796e-04  9.848e-11] [  674 -230   87]
 NS     16-2    5.101e+02 [-119  1.048e-06  1.882e-10  9.827e-11] [  463 -230   74]
 NS     16-3    5.183e+02 [-208  3.976e-11  7.142e-15  1.239e-09] [  430 -205   73]
 NS     17-1    5.305e+02 [   0  1.000e+00  9.920e-05  9.704e-11] [  701 -231   81]
 NS     17-2    5.392e+02 [-119  1.037e-06  1.029e-10  9.906e-11] [  459 -230   74]
 NS     17-3    5.483e+02 [-203  6.629e-11  6.576e-15  1.371e-09] [  486 -204   75]
 NS     18-1    5.601e+02 [   0  1.000e+00  5.443e-05  9.801e-11] [  676 -230   80]
 NS     18-2    5.690e+02 [-119  1.028e-06  5.596e-11  8.896e-11] [  476 -231   75]
 NS     19-1    5.791e+02 [   0  1.000e+00  2.969e-05  9.733e-11] [  554 -231   77]
 NS     19-2    5.886e+02 [-119  1.021e-06  3.032e-11  9.849e-11] [  513 -230   76]
 NS     20-1    6.008e+02 [   0  1.000e+00  1.611e-05  9.930e-11] [  706 -230   81]
 NS     20-2s   6.089e+02 [-119  1.015e-06  1.635e-11  9.896e-11] [  413 -230   72]
 NS     21-1    6.274e+02 [   0  1.000e+00  8.696e-06  9.756e-11] [  685 -231   83]
 NS     21-2    6.363e+02 [-119  1.010e-06  8.787e-12  9.952e-11] [  472 -230   74]
 NS     22-1    6.485e+02 [   0  1.000e+00  4.672e-06  9.977e-11] [  703 -230   81]
 NS     22-2    6.574e+02 [-119  1.007e-06  4.703e-12  9.618e-11] [  474 -231   74]
 NS     23-1    6.678e+02 [   0  1.000e+00  2.499e-06  9.849e-11] [  575 -230   77]
 NS     23-2    6.764e+02 [-119  1.003e-06  2.508e-12  9.753e-11] [  456 -231   74]
 NS     24-1    6.883e+02 [   0  1.000e+00  1.332e-06  9.937e-11] [  678 -230   80]
 NS     24-2    6.972e+02 [-119  1.001e-06  1.333e-12  9.592e-11] [  469 -231   74]
 NS     25-1    7.088e+02 [   0  1.000e+00  7.067e-07  9.862e-11] [  663 -230   80]
 NS     25-2    7.175e+02 [-120  9.991e-07  7.061e-13  9.730e-11] [  457 -231   74]
 NS     26-1    7.348e+02 [   0  1.000e+00  3.737e-07  9.631e-11] [  663 -231   87]
 NS     26-2    7.449e+02 [-120  9.981e-07  3.730e-13  9.884e-11] [  556 -230   77]
 NS     27-1    7.568e+02 [   0  1.000e+00  1.970e-07  9.683e-11] [  685 -231   81]
 NS     27-2    7.655e+02 [-120  9.978e-07  1.965e-13  9.427e-11] [  463 -231   74]
 NS     28-1    7.773e+02 [   0  1.000e+00  1.035e-07  9.741e-11] [  666 -231   79]
 NS     28-2    7.857e+02 [-120  9.989e-07  1.034e-13  9.591e-11] [  427 -231   72]
 NS     29-1    7.975e+02 [   0  1.000e+00  5.419e-08  9.939e-11] [  678 -230   80]
 NS     29-2    8.065e+02 [-119  1.003e-06  5.437e-14  1.630e-10] [  479 -225   74]
 NS     30-1    8.183e+02 [   0  1.000e+00  2.830e-08  9.495e-11] [  674 -231   80]
 NS     30-2s   8.268e+02 [-119  1.021e-06  2.890e-14  3.114e-10] [  442 -219   73]
 NS     31-1    8.453e+02 [   0  1.000e+00  1.474e-08  9.994e-11] [  689 -230   83]
 NS     31-2    8.536e+02 [-119  1.074e-06  1.582e-14  5.637e-10] [  432 -213   73]
 NS     32-1    8.653e+02 [   0  1.000e+00  7.655e-09  9.458e-11] [  666 -231   80]
 NS     32-2    8.727e+02 [-118  1.252e-06  9.587e-15  9.547e-10] [  369 -208   70]
 NS     33-1    8.830e+02 [   0  1.000e+00  3.966e-09  9.468e-11] [  563 -231   77]
 NS     33-2    8.918e+02 [-115  1.764e-06  6.996e-15  1.317e-09] [  469 -204   74]
 NS     34-1    9.037e+02 [   0  1.000e+00  2.050e-09  9.838e-11] [  684 -230   80]
 NS     34-2    9.110e+02 [-110  2.982e-06  6.113e-15  1.504e-09] [  352 -203   68]
 NS     35-1    9.227e+02 [   0  1.000e+00  1.057e-09  9.750e-11] [  672 -231   80]
 NS     35-2    9.303e+02 [-105  5.521e-06  5.836e-15  1.579e-09] [  376 -203   70]
 NS     36-1    9.462e+02 [   0  1.000e+00  5.438e-10  8.909e-11] [  561 -231   86]
 NS     36-2    9.529e+02 [ -99  1.059e-05  5.762e-15  1.602e-09] [  314 -203   66]
 NS     37-1    9.653e+02 [   0  1.000e+00  2.792e-10  9.893e-11] [  713 -230   81]
 NS     37-2    9.740e+02 [ -93  2.062e-05  5.758e-15  1.505e-09] [  458 -203   74]
 NS     38-1    9.857e+02 [   0  1.000e+00  1.430e-10  9.959e-11] [  672 -230   80]
 NS     38-2    9.945e+02 [ -87  4.022e-05  5.753e-15  1.560e-09] [  469 -203   74]
 NS     39-1    1.007e+03 [   0  1.000e+00  7.312e-11  9.916e-11] [  712 -230   81]
 NS     39-2    1.014e+03 [ -82  7.867e-05  5.752e-15  1.576e-09] [  357 -203   69]
 NS     40-1    1.027e+03 [   0  1.000e+00  3.731e-11  9.943e-11] [  717 -230   81]
 NS     40-2s   1.034e+03 [ -76  1.534e-04  5.723e-15  1.589e-09] [  361 -203   69]
 NS     41-1    1.053e+03 [   0  1.000e+00  1.900e-11  9.737e-11] [  731 -231   84]
 NS     41-2    1.061e+03 [ -70  3.007e-04  5.714e-15  1.576e-09] [  428 -203   72]
 NS     42-1    1.073e+03 [   0  1.000e+00  9.660e-12  9.660e-11] [  668 -231   80]
 NS     42-2    1.080e+03 [ -64  5.901e-04  5.701e-15  1.600e-09] [  342 -203   68]
 NS     43-1    1.092e+03 [   0  1.000e+00  4.902e-12  9.517e-11] [  672 -231   80]
 NS     43-2    1.099e+03 [ -58  1.153e-03  5.653e-15  1.606e-09] [  387 -202   70]
 NS     44-1    1.112e+03 [   0  1.000e+00  2.483e-12  9.741e-11] [  722 -231   81]
 NS     44-2    1.119e+03 [ -52  2.277e-03  5.656e-15  1.598e-09] [  362 -203   69]
 NS     45-1    1.131e+03 [   0  1.000e+00  1.256e-12  9.967e-11] [  690 -230   81]
 NS     45-2    1.139e+03 [ -46  4.487e-03  5.635e-15  1.559e-09] [  415 -203   72]
 NS     46-1    1.155e+03 [   0  1.000e+00  6.342e-13  9.923e-11] [  565 -230   85]
 NS     46-2    1.163e+03 [ -41  8.845e-03  5.609e-15  1.626e-09] [  427 -202   72]
 NS     47-1    1.175e+03 [   0  1.000e+00  3.198e-13  9.570e-11] [  657 -231   80]
 NS     47-2    1.183e+03 [ -35  1.756e-02  5.616e-15  1.632e-09] [  411 -202   72]
 NS     48-1    1.195e+03 [   0  1.000e+00  1.611e-13  9.906e-11] [  665 -230   80]
 NS     48-2    1.203e+03 [ -29  3.451e-02  5.559e-15  1.544e-09] [  427 -203   73]
 NS     49-1    1.215e+03 [   0  1.000e+00  8.130e-14  1.132e-10] [  685 -229   80]
 NS     49-2    1.223e+03 [ -23  6.863e-02  5.580e-15  1.654e-09] [  439 -202   73]
 NS     50-1    1.234e+03 [   0  1.000e+00  4.147e-14  2.204e-10] [  583 -222   78]
 NS     50-2s   1.243e+03 [ -17  1.341e-01  5.561e-15  1.597e-09] [  487 -203   75]
 NS     51-1    1.261e+03 [   0  1.000e+00  2.206e-14  4.132e-10] [  666 -216   83]
 NS     51-2    1.268e+03 [ -11  2.531e-01  5.583e-15  1.646e-09] [  314 -202   66]
 NS     52-1    1.279e+03 [   0  1.000e+00  1.333e-14  6.662e-10] [  651 -211   80]
 NS     52-2    1.287e+03 [  -7  4.174e-01  5.564e-15  1.638e-09] [  380 -202   70]
 NS     53-1    1.297e+03 [   0  1.000e+00  1.008e-14  8.973e-10] [  591 -208   78]
 NS     53-2    1.305e+03 [  -5  5.502e-01  5.548e-15  1.659e-09] [  406 -202   71]
 NS     54-1    1.316e+03 [   0  1.000e+00  8.893e-15  1.035e-09] [  565 -207   77]
 NS     54-2    1.323e+03 [  -4  6.245e-01  5.554e-15  1.583e-09] [  380 -203   70]
 NS     55-1    1.334e+03 [   0  1.000e+00  8.477e-15  9.961e-10] [  578 -207   78]
 NS     55-2    1.341e+03 [  -3  6.553e-01  5.555e-15  1.651e-09] [  390 -202   71]
 NS     56-1    1.356e+03 [   0  1.000e+00  8.398e-15  1.089e-09] [  475 -206   84]
 NS     56-2    1.364e+03 [  -3  6.676e-01  5.607e-15  1.596e-09] [  373 -203   70]
 NS     57-1    1.372e+03 [   0  1.000e+00  8.470e-15  1.082e-09] [  454 -206   73]
 NS     57-2    1.380e+03 [  -3  6.522e-01  5.524e-15  1.646e-09] [  406 -202   71]
 NS     58-1    1.390e+03 [   0  1.000e+00  8.227e-15  1.122e-09] [  503 -206   75]
 NS     58-2    1.399e+03 [  -3  6.679e-01  5.495e-15  1.603e-09] [  483 -203   75]
 NS     59-1    1.408e+03 [   0  1.000e+00  8.358e-15  1.096e-09] [  474 -206   74]
 NS     59-2    1.415e+03 [  -3  6.698e-01  5.599e-15  1.633e-09] [  346 -202   68]
 NS     60-1    1.422e+03 [   0  1.000e+00  8.249e-15  1.081e-09] [  323 -206   66]
 NS     60-2s   1.429e+03 [  -3  6.518e-01  5.377e-15  1.693e-09] [  373 -202   70]
 NS     61-1    1.444e+03 [   0  1.000e+00  8.378e-15  1.057e-09] [  432 -207   80]
 NS     61-2    1.453e+03 [  -3  6.490e-01  5.437e-15  1.685e-09] [  462 -202   74]
 NS     62-1    1.462e+03 [   0  1.000e+00  8.498e-15  1.076e-09] [  507 -207   75]
 NS     62-2    1.471e+03 [  -3  6.439e-01  5.472e-15  1.635e-09] [  447 -202   73]
 NS     63-1    1.480e+03 [   0  1.000e+00  8.675e-15  1.047e-09] [  481 -207   74]
 NS     63-2    1.487e+03 [  -4  6.210e-01  5.387e-15  1.700e-09] [  329 -202   67]
 NS     64-1    1.494e+03 [   0  1.000e+00  8.422e-15  1.057e-09] [  363 -207   69]
 NS     64-2    1.503e+03 [  -3  6.479e-01  5.456e-15  1.691e-09] [  458 -202   74]
 NS     65-1    1.511e+03 [   0  1.000e+00  8.670e-15  1.062e-09] [  380 -207   70]
 NS     65-2    1.520e+03 [  -4  6.119e-01  5.305e-15  1.690e-09] [  517 -202   76]
 NS     66-1    1.536e+03 [   0  1.000e+00  8.665e-15  1.039e-09] [  523 -207   85]
 NS     66-2    1.543e+03 [  -4  6.243e-01  5.409e-15  1.677e-09] [  391 -202   71]
 NS     67-1    1.552e+03 [   0  1.000e+00  8.270e-15  1.049e-09] [  431 -207   72]
 NS     67-2    1.560e+03 [  -3  6.432e-01  5.320e-15  1.725e-09] [  426 -202   73]
 NS     68-1    1.568e+03 [   0  1.000e+00  8.418e-15  1.098e-09] [  377 -206   69]
 NS     68-2    1.574e+03 [  -3  6.532e-01  5.499e-15  1.632e-09] [  304 -202   65]
 NS     69-1    1.583e+03 [   0  1.000e+00  8.311e-15  1.081e-09] [  473 -206   74]
 NS     69-2    1.591e+03 [  -3  6.473e-01  5.380e-15  1.707e-09] [  374 -202   70]
 NS     70-1    1.598e+03 [   0  1.000e+00  8.494e-15  1.069e-09] [  368 -207   69]
 NS     70-2s   1.606e+03 [  -4  6.309e-01  5.359e-15  1.645e-09] [  383 -202   70]
 NS     71-1    1.621e+03 [   0  1.000e+00  8.435e-15  1.076e-09] [  463 -207   80]
 NS     71-2    1.628e+03 [  -3  6.393e-01  5.392e-15  1.687e-09] [  336 -202   67]
