# svMultiPhysics boundary integral results file. 
# Quantities represent averaged scalar or flux values over each mesh face.
#        
# Format 
# ------ 
# face areas: [list of mesh face areas]  
# step time [list of mesh face names] 
# [time step] [time] [list of computed values for each mesh face]
face areas:  2.024e-09  5.049e-12  4.356e-12  7.757e-12  4.239e-12 
step   time   WALL  OUTLET_03  OUTLET_01  INLET  OUTLET_02 
 1   1.5040600917e-07  3.3997014015e+02  5.4231685714e-01  3.1397578845e-01  1.3676837488e+03  6.3610986486e+00 
 2   3.0081201834e-07  -1.2632485879e+02  2.0279256832e-01  7.6134373823e-02  -5.8671301354e+02  2.0116197436e+00 
 3   4.5121802751e-07  3.1829611337e+02  4.3439057160e-01  2.3565798149e-01  1.2944159915e+03  4.9930504934e+00 
 4   6.0162403668e-07  -3.8708585537e+01  2.8187510927e-01  1.3009849717e-01  -2.2146003470e+02  3.0036057211e+00 
 5   7.5203004584e-07  2.2067083300e+02  3.7923562662e-01  1.9832945742e-01  8.8259399551e+02  4.2899056485e+00 
 6   9.0243605501e-07  4.4077127857e+01  3.1840372297e-01  1.5541860547e-01  1.2916185100e+02  3.4806426414e+00 
 7   1.0528420642e-06  1.5896022114e+02  3.5577708810e-01  1.8180868938e-01  6.2043456869e+02  3.9789027660e+00 
 8   1.2032480734e-06  8.6700644517e+01  3.3313632064e-01  1.6585015941e-01  3.1077655308e+02  3.6772476500e+00 
 9   1.3536540825e-06  1.3097761899e+02  3.4668633062e-01  1.7537449169e-01  5.0086585833e+02  3.8574288417e+00 
 10   1.5040600917e-06  1.0441196729e+02  3.3866540562e-01  1.6975211237e-01  3.8664264487e+02  3.7510187285e+00 
 11   1.6544661009e-06  1.2007546388e+02  3.4336541562e-01  1.7303914857e-01  4.5407400849e+02  3.8132344832e+00 
 12   1.8048721100e-06  1.1097556947e+02  3.4063719259e-01  1.7113438717e-01  4.1485680222e+02  3.7771908232e+00 
 13   1.9552781192e-06  1.1619528647e+02  3.4220724446e-01  1.7222911934e-01  4.3737464785e+02  3.7978947243e+00 
 14   2.1056841284e-06  1.1323440843e+02  3.4131067405e-01  1.7160469251e-01  4.2458825412e+02  3.7860958174e+00 
 15   2.2560901375e-06  1.1489754314e+02  3.4181916957e-01  1.7195840991e-01  4.3177830938e+02  3.7927713610e+00 
 16   2.4064961467e-06  1.1397147536e+02  3.4153248980e-01  1.7175927753e-01  4.2776999252e+02  3.7890190884e+00 
 17   2.5569021559e-06  1.1448312003e+02  3.4169327236e-01  1.7187076939e-01  4.2998735465e+02  3.7911159842e+00 
 18   2.7073081650e-06  1.1420241668e+02  3.4160351473e-01  1.7180864810e-01  4.2876923391e+02  3.7899501663e+00 
 19   2.8577141742e-06  1.1435544587e+02  3.4165341292e-01  1.7184311270e-01  4.2943421094e+02  3.7905954048e+00 
 20   3.0081201834e-06  1.1427249891e+02  3.4162578101e-01  1.7182406543e-01  4.2907327672e+02  3.7902397189e+00 
 21   3.1585261925e-06  1.1431722300e+02  3.4164102640e-01  1.7183455513e-01  4.2926815496e+02  3.7904350828e+00 
 22   3.3089322017e-06  1.1429322467e+02  3.4163264472e-01  1.7182879718e-01  4.2916344383e+02  3.7903281320e+00 
 23   3.4593382109e-06  1.1430604429e+02  3.4163723713e-01  1.7183194798e-01  4.2921945475e+02  3.7903865009e+00 
 24   3.6097442201e-06  1.1429922473e+02  3.4163472918e-01  1.7183022897e-01  4.2918961889e+02  3.7903547391e+00 
 25   3.7601502292e-06  1.1430283832e+02  3.4163609446e-01  1.7183116413e-01  4.2920544990e+02  3.7903719739e+00 
 26   3.9105562384e-06  1.1430093057e+02  3.4163535347e-01  1.7183065681e-01  4.2919708065e+02  3.7903626471e+00 
 27   4.0609622476e-06  1.1430193424e+02  3.4163575448e-01  1.7183093129e-01  4.2920148989e+02  3.7903676812e+00 
 28   4.2113682567e-06  1.1430140795e+02  3.4163553805e-01  1.7183078316e-01  4.2919917452e+02  3.7903649709e+00 
 29   4.3617742659e-06  1.1430168305e+02  3.4163565456e-01  1.7183086291e-01  4.2920038659e+02  3.7903664266e+00 
 30   4.5121802751e-06  1.1430153968e+02  3.4163559200e-01  1.7183082008e-01  4.2919975396e+02  3.7903656466e+00 
 31   4.6625862842e-06  1.1430161418e+02  3.4163562552e-01  1.7183084303e-01  4.2920008323e+02  3.7903660636e+00 
 32   4.8129922934e-06  1.1430157557e+02  3.4163560760e-01  1.7183083076e-01  4.2919991231e+02  3.7903658411e+00 
 33   4.9633983026e-06  1.1430159553e+02  3.4163561716e-01  1.7183083731e-01  4.2920000080e+02  3.7903659596e+00 
 34   5.1138043117e-06  1.1430158524e+02  3.4163561207e-01  1.7183083382e-01  4.2919995510e+02  3.7903658966e+00 
 35   5.2642103209e-06  1.1430159053e+02  3.4163561477e-01  1.7183083567e-01  4.2919997865e+02  3.7903659300e+00 
 36   5.4146163301e-06  1.1430158782e+02  3.4163561334e-01  1.7183083469e-01  4.2919996654e+02  3.7903659123e+00 
 37   5.5650223392e-06  1.1430158921e+02  3.4163561410e-01  1.7183083521e-01  4.2919997275e+02  3.7903659217e+00 
 38   5.7154283484e-06  1.1430158850e+02  3.4163561370e-01  1.7183083493e-01  4.2919996957e+02  3.7903659168e+00 
 39   5.8658343576e-06  1.1430158886e+02  3.4163561391e-01  1.7183083508e-01  4.2919997120e+02  3.7903659194e+00 
 40   6.0162403668e-06  1.1430158868e+02  3.4163561380e-01  1.7183083500e-01  4.2919997037e+02  3.7903659180e+00 
 41   6.1666463759e-06  1.1430158877e+02  3.4163561385e-01  1.7183083504e-01  4.2919997079e+02  3.7903659187e+00 
 42   6.3170523851e-06  1.1430158872e+02  3.4163561382e-01  1.7183083502e-01  4.2919997058e+02  3.7903659183e+00 
 43   6.4674583943e-06  1.1430158875e+02  3.4163561384e-01  1.7183083503e-01  4.2919997068e+02  3.7903659185e+00 
 44   6.6178644034e-06  1.1430158873e+02  3.4163561383e-01  1.7183083503e-01  4.2919997063e+02  3.7903659184e+00 
 45   6.7682704126e-06  1.1430158874e+02  3.4163561384e-01  1.7183083503e-01  4.2919997066e+02  3.7903659185e+00 
 46   6.9186764218e-06  1.1430158874e+02  3.4163561383e-01  1.7183083503e-01  4.2919997064e+02  3.7903659185e+00 
 47   7.0690824309e-06  1.1430158874e+02  3.4163561383e-01  1.7183083503e-01  4.2919997065e+02  3.7903659185e+00 
 48   7.2194884401e-06  1.1430158874e+02  3.4163561383e-01  1.7183083503e-01  4.2919997065e+02  3.7903659185e+00 
 49   7.3698944493e-06  1.1430158874e+02  3.4163561383e-01  1.7183083503e-01  4.2919997065e+02  3.7903659185e+00 
 50   7.5203004584e-06  1.1430158874e+02  3.4163561383e-01  1.7183083503e-01  4.2919997065e+02  3.7903659185e+00 
 51   7.6707064676e-06  1.1430158874e+02  3.4163561383e-01  1.7183083503e-01  4.2919997065e+02  3.7903659185e+00 
 52   7.8211124768e-06  1.1430158874e+02  3.4163561383e-01  1.7183083503e-01  4.2919997065e+02  3.7903659185e+00 
 53   7.9715184859e-06  1.1430158874e+02  3.4163561383e-01  1.7183083503e-01  4.2919997065e+02  3.7903659185e+00 
 54   8.1219244951e-06  1.1430158874e+02  3.4163561383e-01  1.7183083503e-01  4.2919997065e+02  3.7903659185e+00 
 55   8.2723305043e-06  1.1430158874e+02  3.4163561383e-01  1.7183083503e-01  4.2919997065e+02  3.7903659185e+00 
 56   8.4227365135e-06  1.1430158874e+02  3.4163561383e-01  1.7183083503e-01  4.2919997065e+02  3.7903659185e+00 
 57   8.5731425226e-06  1.1430158874e+02  3.4163561383e-01  1.7183083503e-01  4.2919997065e+02  3.7903659185e+00 
 58   8.7235485318e-06  1.1430158874e+02  3.4163561383e-01  1.7183083503e-01  4.2919997065e+02  3.7903659185e+00 
 59   8.8739545410e-06  1.1430158874e+02  3.4163561383e-01  1.7183083503e-01  4.2919997065e+02  3.7903659185e+00 
 60   9.0243605501e-06  1.1430158874e+02  3.4163561383e-01  1.7183083503e-01  4.2919997065e+02  3.7903659185e+00 
 61   9.1747665593e-06  1.1430158874e+02  3.4163561383e-01  1.7183083503e-01  4.2919997065e+02  3.7903659185e+00 
 62   9.3251725685e-06  1.1430158874e+02  3.4163561383e-01  1.7183083503e-01  4.2919997065e+02  3.7903659185e+00 
 63   9.4755785776e-06  1.1430158874e+02  3.4163561383e-01  1.7183083503e-01  4.2919997065e+02  3.7903659185e+00 
 64   9.6259845868e-06  1.1430158874e+02  3.4163561383e-01  1.7183083503e-01  4.2919997065e+02  3.7903659185e+00 
 65   9.7763905960e-06  1.1430158874e+02  3.4163561383e-01  1.7183083503e-01  4.2919997065e+02  3.7903659185e+00 
 66   9.9267966051e-06  1.1430158874e+02  3.4163561383e-01  1.7183083503e-01  4.2919997065e+02  3.7903659185e+00 
 67   1.0077202614e-05  1.1430158874e+02  3.4163561383e-01  1.7183083503e-01  4.2919997065e+02  3.7903659185e+00 
 68   1.0227608623e-05  1.1430158874e+02  3.4163561383e-01  1.7183083503e-01  4.2919997065e+02  3.7903659185e+00 
 69   1.0378014633e-05  1.1430158874e+02  3.4163561383e-01  1.7183083503e-01  4.2919997065e+02  3.7903659185e+00 
 70   1.0528420642e-05  1.1430158874e+02  3.4163561383e-01  1.7183083503e-01  4.2919997065e+02  3.7903659185e+00 
 71   1.0678826651e-05  1.1430158874e+02  3.4163561383e-01  1.7183083503e-01  4.2919997065e+02  3.7903659185e+00 
 72   1.0829232660e-05  1.1430158874e+02  3.4163561383e-01  1.7183083503e-01  4.2919997065e+02  3.7903659185e+00 
