-----------------------------------------------------------------------------------
 Eq      N-i            T    dB      Ri/R1      Ri/R0       R/Ri    lsIt   dB   %t
-----------------------------------------------------------------------------------
 NS      1-1    2.707e+01 [   0  1.000e+00  1.000e+00  9.614e-11] [  640 -231   89]
 NS      1-2    3.827e+01 [-104  5.755e-06  5.755e-06  9.967e-11] [  619 -230   78]
 NS      1-3    4.888e+01 [-215  1.627e-11  1.627e-11  9.927e-11] [  588 -230   78]
 NS      2-1    6.139e+01 [   0  1.000e+00  1.132e+00  9.915e-11] [  702 -230   79]
 NS      2-2    7.146e+01 [-111  2.685e-06  3.039e-06  9.571e-11] [  546 -231   76]
 NS      2-3    8.229e+01 [-220  9.081e-12  1.028e-11  9.504e-11] [  607 -231   79]
 NS      3-1    9.473e+01 [   0  1.000e+00  1.261e+00  9.823e-11] [  706 -230   80]
 NS      3-2    1.049e+02 [-118  1.216e-06  1.534e-06  9.549e-11] [  547 -231   76]
 NS      3-3    1.149e+02 [-229  3.484e-12  4.394e-12  2.203e-10] [  532 -222   75]
