-----------------------------------------------------------------------------------
 Eq      N-i            T    dB      Ri/R1      Ri/R0       R/Ri    lsIt   dB   %t
-----------------------------------------------------------------------------------
 NS     61-1    2.296e+03 [   0  1.000e+00  4.754e-14  2.045e-08] [  323 -177    1]
 NS     61-2    2.303e+03 [  -3  6.505e-01  3.092e-14  3.151e-08] [  341 -173   66]
 NS     62-1    2.316e+03 [   0  1.000e+00  4.656e-14  2.090e-08] [  343 -177   82]
 NS     62-2    2.322e+03 [  -3  6.683e-01  3.112e-14  2.975e-08] [  279 -173   63]
 NS     63-1    2.334e+03 [   0  1.000e+00  4.671e-14  1.949e-08] [  233 -178   80]
 NS     63-2    2.341e+03 [  -3  6.472e-01  3.023e-14  3.008e-08] [  282 -173   61]
 NS     64-1    2.354e+03 [   0  1.000e+00  4.818e-14  2.040e-08] [  369 -177   83]
 NS     64-2    2.361e+03 [  -4  6.275e-01  3.023e-14  3.262e-08] [  340 -172   66]
 NS     65-1    2.375e+03 [   0  1.000e+00  4.856e-14  2.010e-08] [  409 -177   83]
 NS     65-2    2.383e+03 [  -3  6.333e-01  3.075e-14  3.213e-08] [  347 -173   68]
 NS     66-1    2.396e+03 [   0  1.000e+00  4.840e-14  1.977e-08] [  383 -177   82]
 NS     66-2    2.403e+03 [  -3  6.359e-01  3.077e-14  3.208e-08] [  351 -173   68]
 NS     67-1    2.417e+03 [   0  1.000e+00  4.805e-14  2.042e-08] [  374 -177   82]
 NS     67-2    2.423e+03 [  -4  6.307e-01  3.031e-14  3.093e-08] [  279 -173   63]
 NS     68-1    2.436e+03 [   0  1.000e+00  4.668e-14  2.033e-08] [  311 -177   81]
 NS     68-2    2.443e+03 [  -4  6.220e-01  2.903e-14  3.290e-08] [  346 -172   68]
 NS     69-1    2.456e+03 [   0  1.000e+00  4.550e-14  2.159e-08] [  340 -177   82]
 NS     69-2    2.463e+03 [  -3  6.732e-01  3.063e-14  3.175e-08] [  328 -173   67]
 NS     70-1    2.476e+03 [   0  1.000e+00  4.804e-14  1.922e-08] [  351 -178   83]
 NS     70-2s   2.484e+03 [  -3  6.353e-01  3.052e-14  3.145e-08] [  391 -173   69]
