-----------------------------------------------------------------------------------
 Eq      N-i            T    dB      Ri/R1      Ri/R0       R/Ri    lsIt   dB   %t
-----------------------------------------------------------------------------------
 NS     61-1    2.294e+03 [   0  1.000e+00  4.754e-14  2.008e-08] [  358 -177    1]
 NS     61-2    2.307e+03 [  -3  6.505e-01  3.092e-14  3.158e-08] [  346 -173   83]
 NS     62-1    2.319e+03 [   0  1.000e+00  4.657e-14  2.046e-08] [  343 -177   83]
 NS     62-2    2.332e+03 [  -3  6.693e-01  3.117e-14  3.051e-08] [  346 -173   83]
 NS     63-1    2.345e+03 [   0  1.000e+00  4.796e-14  2.011e-08] [  336 -177   83]
 NS     63-2    2.357e+03 [  -3  6.587e-01  3.159e-14  3.045e-08] [  340 -173   83]
 NS     64-1    2.370e+03 [   0  1.000e+00  4.686e-14  2.025e-08] [  344 -177   83]
 NS     64-2    2.382e+03 [  -3  6.671e-01  3.126e-14  3.160e-08] [  302 -173   82]
 NS     65-1    2.394e+03 [   0  1.000e+00  4.904e-14  1.877e-08] [  326 -178   82]
 NS     65-2    2.406e+03 [  -3  6.440e-01  3.158e-14  2.861e-08] [  263 -174   81]
 NS     66-1    2.418e+03 [   0  1.000e+00  4.888e-14  1.926e-08] [  340 -178   83]
 NS     66-2    2.431e+03 [  -3  6.373e-01  3.115e-14  2.877e-08] [  350 -174   83]
 NS     67-1    2.443e+03 [   0  1.000e+00  4.880e-14  2.028e-08] [  339 -177   83]
 NS     67-2    2.455e+03 [  -3  6.411e-01  3.129e-14  3.080e-08] [  285 -173   82]
 NS     68-1    2.469e+03 [   0  1.000e+00  4.797e-14  2.062e-08] [  410 -177   84]
 NS     68-2    2.481e+03 [  -3  6.401e-01  3.071e-14  3.228e-08] [  308 -172   82]
 NS     69-1    2.493e+03 [   0  1.000e+00  4.825e-14  2.045e-08] [  327 -177   82]
 NS     69-2    2.505e+03 [  -4  6.222e-01  3.002e-14  3.221e-08] [  317 -173   83]
 NS     70-1    2.518e+03 [   0  1.000e+00  4.662e-14  1.987e-08] [  348 -177   83]
 NS     70-2s   2.531e+03 [  -3  6.442e-01  3.003e-14  3.190e-08] [  346 -173   83]
