frozen_inputs/step1_geometry_contract/geometry/cfd_surface_axis_aligned_inlet_m.stl
frozen_inputs/step2
493 497 280 8.00903149195763e-05 5.5701359566515553e-05 0.00011143341591952393 1.9989918081065344e-07 2.0366810646671923e-09 1.0 1056.0 2.7369132390905703e-15 0.05 0.99 1.01 10 700000
1 -7.007266199383469e-07 -6.027718016794421e-07 0.9999999999995729 1 56
67164 0.00010232924978481606 5.838369543198496e-05 0.0001588064042152837 0.00010265124001307413 5.875852730241604e-05 0.0001588064042152837 0.00010253099753754213 5.8645080571295694e-05 0.00015880638966336846
67165 0.00010224995639873669 5.823863830300979e-05 0.0001588064042152837 0.00010265124001307413 5.875852730241604e-05 0.0001588064042152837 0.00010232924978481606 5.838369543198496e-05 0.0001588064042152837
67166 0.00010218626266578212 5.8086086937692016e-05 0.00015880638966336846 0.00010265124001307413 5.875852730241604e-05 0.0001588064042152837 0.00010224995639873669 5.823863830300979e-05 0.0001588064042152837
67167 0.0001021388525259681 5.7927711168304086e-05 0.00015880638966336846 0.00010265124001307413 5.875852730241604e-05 0.0001588064042152837 0.00010218626266578212 5.8086086937692016e-05 0.00015880638966336846
67168 0.00010210827167611569 5.776524994871579e-05 0.00015880638966336846 0.00010265124001307413 5.875852730241604e-05 0.0001588064042152837 0.0001021388525259681 5.7927711168304086e-05 0.00015880638966336846
67169 0.00010209484025835991 5.7600474974606186e-05 0.00015880638966336846 0.00010265124001307413 5.875852730241604e-05 0.0001588064042152837 0.00010210827167611569 5.776524994871579e-05 0.00015880638966336846
67170 0.00010209869651589543 5.743520159740001e-05 0.00015880638966336846 0.00010265124001307413 5.875852730241604e-05 0.0001588064042152837 0.00010209484025835991 5.7600474974606186e-05 0.00015880638966336846
67171 0.00010211980406893417 5.7271226978627965e-05 0.0001588064042152837 0.00010265124001307413 5.875852730241604e-05 0.0001588064042152837 0.00010209869651589543 5.743520159740001e-05 0.00015880638966336846
67172 0.00010215794463874772 5.711036646971479e-05 0.00015880638966336846 0.00010265124001307413 5.875852730241604e-05 0.0001588064042152837 0.00010211980406893417 5.7271226978627965e-05 0.0001588064042152837
67173 0.00010221268166787922 5.695438085240312e-05 0.00015880638966336846 0.00010265124001307413 5.875852730241604e-05 0.0001588064042152837 0.00010215794463874772 5.711036646971479e-05 0.00015880638966336846
67174 0.00010228343307971954 5.680497270077467e-05 0.00015880638966336846 0.00010265124001307413 5.875852730241604e-05 0.0001588064042152837 0.00010221268166787922 5.695438085240312e-05 0.00015880638966336846
67175 0.00010236940579488873 5.666376819135621e-05 0.0001588064042152837 0.00010265124001307413 5.875852730241604e-05 0.0001588064042152837 0.00010228343307971954 5.680497270077467e-05 0.00015880638966336846
67176 0.00010236940579488873 5.666376819135621e-05 0.0001588064042152837 0.00010278268018737435 5.8858808188233525e-05 0.00015880638966336846 0.00010265124001307413 5.875852730241604e-05 0.0001588064042152837
67177 0.00010236940579488873 5.666376819135621e-05 0.0001588064042152837 0.00010292388469679281 5.894478817936033e-05 0.00015880638966336846 0.00010278268018737435 5.8858808188233525e-05 0.00015880638966336846
67178 0.00010236940579488873 5.666376819135621e-05 0.0001588064042152837 0.00010307330376235768 5.901553959120065e-05 0.00015880638966336846 0.00010292388469679281 5.894478817936033e-05 0.00015880638966336846
67179 0.00010236940579488873 5.666376819135621e-05 0.0001588064042152837 0.00010322930029360577 5.907027662033215e-05 0.0001588064042152837 0.00010307330376235768 5.901553959120065e-05 0.00015880638966336846
67180 0.00010236940579488873 5.666376819135621e-05 0.0001588064042152837 0.00010339015716454014 5.910840991418809e-05 0.00015880638966336846 0.00010322930029360577 5.907027662033215e-05 0.0001588064042152837
67181 0.00010236940579488873 5.666376819135621e-05 0.0001588064042152837 0.00010355412086937577 5.912952110520564e-05 0.0001588064042152837 0.00010339015716454014 5.910840991418809e-05 0.00015880638966336846
67182 0.00010246966849081218 5.653232801705599e-05 0.0001588064042152837 0.00010355412086937577 5.912952110520564e-05 0.0001588064042152837 0.00010236940579488873 5.666376819135621e-05 0.0001588064042152837
67183 0.00010258312249789014 5.64120891795028e-05 0.0001588064042152837 0.00010355412086937577 5.912952110520564e-05 0.0001588064042152837 0.00010246966849081218 5.653232801705599e-05 0.0001588064042152837
67184 0.00010270853090332821 5.63043613510672e-05 0.0001588064042152837 0.00010355412086937577 5.912952110520564e-05 0.0001588064042152837 0.00010258312249789014 5.64120891795028e-05 0.0001588064042152837
67185 0.00010284451127517968 5.6210337788797915e-05 0.0001588064042152837 0.00010355412086937577 5.912952110520564e-05 0.0001588064042152837 0.00010270853090332821 5.63043613510672e-05 0.0001588064042152837
67186 0.00010298956476617604 5.6131044402718544e-05 0.00015880638966336846 0.00010355412086937577 5.912952110520564e-05 0.0001588064042152837 0.00010284451127517968 5.6210337788797915e-05 0.0001588064042152837
67187 0.00010314212704543024 5.6067347031785175e-05 0.00015880638966336846 0.00010355412086937577 5.912952110520564e-05 0.0001588064042152837 0.00010298956476617604 5.6131044402718544e-05 0.00015880638966336846
67188 0.00010330049553886056 5.6019936891971156e-05 0.0001588064042152837 0.00010355412086937577 5.912952110520564e-05 0.0001588064042152837 0.00010314212704543024 5.6067347031785175e-05 0.00015880638966336846
67189 0.00010346296767238528 5.5989352404139936e-05 0.00015880638966336846 0.00010355412086937577 5.912952110520564e-05 0.0001588064042152837 0.00010330049553886056 5.6019936891971156e-05 0.0001588064042152837
67190 0.00010362773173255846 5.597591371042654e-05 0.00015880638966336846 0.00010355412086937577 5.912952110520564e-05 0.0001588064042152837 0.00010346296767238528 5.5989352404139936e-05 0.00015880638966336846
67191 0.00010379300510976464 5.597976632998325e-05 0.0001588064042152837 0.00010355412086937577 5.912952110520564e-05 0.0001588064042152837 0.00010362773173255846 5.597591371042654e-05 0.00015880638966336846
67192 0.00010395696881460026 5.600088479695842e-05 0.00015880638966336846 0.00010355412086937577 5.912952110520564e-05 0.0001588064042152837 0.00010379300510976464 5.597976632998325e-05 0.0001588064042152837
67193 0.00010411783296149224 5.603901809081435e-05 0.00015880638966336846 0.00010355412086937577 5.912952110520564e-05 0.0001588064042152837 0.00010395696881460026 5.600088479695842e-05 0.00015880638966336846
67194 0.00010427382221678272 5.6093755119945854e-05 0.0001588064042152837 0.00010355412086937577 5.912952110520564e-05 0.0001588064042152837 0.00010411783296149224 5.603901809081435e-05 0.00015880638966336846
67195 0.00010442324128234759 5.6164506531786174e-05 0.00015880638966336846 0.00010355412086937577 5.912952110520564e-05 0.0001588064042152837 0.00010427382221678272 5.6093755119945854e-05 0.0001588064042152837
67196 0.00010456444579176605 5.625048288493417e-05 0.00015880638966336846 0.00010355412086937577 5.912952110520564e-05 0.0001588064042152837 0.00010442324128234759 5.6164506531786174e-05 0.00015880638966336846
67197 0.00010469588596606627 5.635074921883643e-05 0.00015880638966336846 0.00010355412086937577 5.912952110520564e-05 0.0001588064042152837 0.00010456444579176605 5.625048288493417e-05 0.00015880638966336846
67198 0.00010481613571755588 5.646421413985081e-05 0.00015880638966336846 0.00010355412086937577 5.912952110520564e-05 0.0001588064042152837 0.00010469588596606627 5.635074921883643e-05 0.00015880638966336846
67199 0.00010492386354599148 5.658961526933126e-05 0.0001588064042152837 0.00010355412086937577 5.912952110520564e-05 0.0001588064042152837 0.00010481613571755588 5.646421413985081e-05 0.00015880638966336846
67200 0.00010501788347028196 5.672560655511916e-05 0.0001588064042152837 0.00010355412086937577 5.912952110520564e-05 0.0001588064042152837 0.00010492386354599148 5.658961526933126e-05 0.0001588064042152837
67201 0.00010509719140827656 5.687068551196717e-05 0.0001588064042152837 0.00010355412086937577 5.912952110520564e-05 0.0001588064042152837 0.00010501788347028196 5.672560655511916e-05 0.0001588064042152837
67202 0.00010516090696910396 5.702328053303063e-05 0.0001588064042152837 0.00010355412086937577 5.912952110520564e-05 0.0001588064042152837 0.00010509719140827656 5.687068551196717e-05 0.0001588064042152837
67203 0.00010520831710891798 5.718173997593112e-05 0.00015880638966336846 0.00010355412086937577 5.912952110520564e-05 0.0001588064042152837 0.00010516090696910396 5.702328053303063e-05 0.0001588064042152837
67204 0.00010523891978664324 5.734433580073528e-05 0.00015880638966336846 0.00010355412086937577 5.912952110520564e-05 0.0001588064042152837 0.00010520831710891798 5.718173997593112e-05 0.00015880638966336846
67205 0.0001052523439284414 5.7509336329530925e-05 0.00015880638966336846 0.00010355412086937577 5.912952110520564e-05 0.0001588064042152837 0.00010523891978664324 5.734433580073528e-05 0.00015880638966336846
67206 0.00010524842218728736 5.767497714259662e-05 0.0001588064042152837 0.00010355412086937577 5.912952110520564e-05 0.0001588064042152837 0.0001052523439284414 5.7509336329530925e-05 0.00015880638966336846
67207 0.00010522714001126587 5.783953019999899e-05 0.00015880638966336846 0.00010355412086937577 5.912952110520564e-05 0.0001588064042152837 0.00010524842218728736 5.767497714259662e-05 0.0001588064042152837
67208 0.00010518863564357162 5.800124927191064e-05 0.0001588064042152837 0.00010355412086937577 5.912952110520564e-05 0.0001588064042152837 0.00010522714001126587 5.783953019999899e-05 0.00015880638966336846
67209 0.00010513319284655154 5.815847543999553e-05 0.00015880638966336846 0.00010355412086937577 5.912952110520564e-05 0.0001588064042152837 0.00010518863564357162 5.800124927191064e-05 0.0001588064042152837
67210 0.0001050612045219168 5.830956797581166e-05 0.0001588064042152837 0.00010355412086937577 5.912952110520564e-05 0.0001588064042152837 0.00010513319284655154 5.815847543999553e-05 0.00015880638966336846
67211 0.0001050612045219168 5.830956797581166e-05 0.0001588064042152837 0.00010371938697062433 5.9133381000719965e-05 0.0001588064042152837 0.00010355412086937577 5.912952110520564e-05 0.0001588064042152837
67212 0.0001050612045219168 5.830956797581166e-05 0.0001588064042152837 0.00010388415103079751 5.9119945944985375e-05 0.0001588064042152837 0.00010371938697062433 5.9133381000719965e-05 0.0001588064042152837
67213 0.0001050612045219168 5.830956797581166e-05 0.0001588064042152837 0.00010404658678453416 5.908936509513296e-05 0.0001588064042152837 0.00010388415103079751 5.9119945944985375e-05 0.0001588064042152837
67214 0.0001050612045219168 5.830956797581166e-05 0.0001588064042152837 0.00010420491162221879 5.904199497308582e-05 0.00015880638966336846 0.00010404658678453416 5.908936509513296e-05 0.0001588064042152837
67215 0.0001050612045219168 5.830956797581166e-05 0.0001588064042152837 0.00010450228728586808 5.889919702894986e-05 0.00015880638966336846 0.00010420491162221879 5.904199497308582e-05 0.00015880638966336846
67216 0.0001050612045219168 5.830956797581166e-05 0.0001588064042152837 0.00010463802755111828 5.8805420849239454e-05 0.0001588064042152837 0.00010450228728586808 5.889919702894986e-05 0.00015880638966336846
67217 0.0001050612045219168 5.830956797581166e-05 0.0001588064042152837 0.00010476310853846371 5.8698155044112355e-05 0.0001588064042152837 0.00010463802755111828 5.8805420849239454e-05 0.0001588064042152837
67218 0.0001050612045219168 5.830956797581166e-05 0.0001588064042152837 0.0001048761114361696 5.857872383785434e-05 0.0001588064042152837 0.00010476310853846371 5.8698155044112355e-05 0.0001588064042152837
67219 0.0001048761114361696 5.857872383785434e-05 0.0001588064042152837 0.0001050612045219168 5.830956797581166e-05 0.0001588064042152837 0.0001049757847795263 5.844869519933127e-05 0.0001588064042152837
2 0.018388404769920114 0.8046101061009614 0.5935186970350784 1.0000042893790955 44
67120 0.00011389798601157963 0.00015457009430974722 0.0001653480139793828 0.00011435378110036254 0.0001546493440400809 0.0001652264327276498 0.00011411851301090792 0.0001546235871501267 0.0001652686478337273
67121 0.00011330476991133764 0.00015385402366518974 0.00016633713676128536 0.00011332720896461979 0.00015413734945468605 0.00016595234046690166 0.00011329169501550496 0.00015399670519400388 0.00016614407650195062
67122 0.00011332944268360734 0.0001537837233627215 0.00016643166600260884 0.00011332720896461979 0.00015413734945468605 0.00016595234046690166 0.00011330476991133764 0.00015385402366518974 0.00016633713676128536
67123 0.00011332944268360734 0.0001537837233627215 0.00016643166600260884 0.00011336280294926837 0.00015420507406815886 0.00016585942648816854 0.00011332720896461979 0.00015413734945468605 0.00016595234046690166
67124 0.00011332944268360734 0.0001537837233627215 0.00016643166600260884 0.00011346786777721718 0.00015433187945745885 0.00016568425053264946 0.00011336280294926837 0.00015420507406815886 0.00016585942648816854
67125 0.00011332944268360734 0.0001537837233627215 0.00016643166600260884 0.00011353623995091766 0.0001543896651128307 0.00016560380754526705 0.00011346786777721718 0.00015433187945745885 0.00016568425053264946
67126 0.00011332944268360734 0.0001537837233627215 0.00016643166600260884 0.00011370120773790404 0.0001544910337543115 0.0001654612715356052 0.00011353623995091766 0.0001543896651128307 0.00016560380754526705
67127 0.00011332944268360734 0.0001537837233627215 0.00016643166600260884 0.00011379609350115061 0.00015453356900252402 0.00016540066280867904 0.00011370120773790404 0.0001544910337543115 0.0001654612715356052
67128 0.00011332944268360734 0.0001537837233627215 0.00016643166600260884 0.00011389798601157963 0.00015457009430974722 0.0001653480139793828 0.00011379609350115061 0.00015453356900252402 0.00016540066280867904
67129 0.00011332944268360734 0.0001537837233627215 0.00016643166600260884 0.00011435378110036254 0.0001546493440400809 0.0001652264327276498 0.00011389798601157963 0.00015457009430974722 0.0001653480139793828
67130 0.00011332944268360734 0.0001537837233627215 0.00016643166600260884 0.00011447394354036078 0.00015465145406778902 0.00016521984071005136 0.00011435378110036254 0.0001546493440400809 0.0001652264327276498
67131 0.00011332944268360734 0.0001537837233627215 0.00016643166600260884 0.00011471318430267274 0.0001546340063214302 0.00016523608064744622 0.00011447394354036078 0.00015465145406778902 0.00016521984071005136
67132 0.00011332944268360734 0.0001537837233627215 0.00016643166600260884 0.00011482978879939765 0.00015461463772226125 0.00016525873797945678 0.00011471318430267274 0.0001546340063214302 0.00016523608064744622
67133 0.00011332944268360734 0.0001537837233627215 0.00016643166600260884 0.00011494279897306114 0.0001545884006191045 0.0001652908104006201 0.00011482978879939765 0.00015461463772226125 0.00016525873797945678
67134 0.00011332944268360734 0.0001537837233627215 0.00016643166600260884 0.0001151534088421613 0.00015451648505404592 0.00016538177442271262 0.00011494279897306114 0.0001545884006191045 0.0001652908104006201
67135 0.00011332944268360734 0.0001537837233627215 0.00016643166600260884 0.00011524884757818654 0.00015447154873982072 0.0001654397347010672 0.0001151534088421613 0.00015451648505404592 0.00016538177442271262
67136 0.00011332944268360734 0.0001537837233627215 0.00016643166600260884 0.0001154150886577554 0.00015436603280249983 0.0001655776286497712 0.00011524884757818654 0.00015447154873982072 0.0001654397347010672
67137 0.00011336588795529678 0.00015371509653050452 0.0001665235758991912 0.0001154150886577554 0.00015436603280249983 0.0001655776286497712 0.00011332944268360734 0.0001537837233627215 0.00016643166600260884
67138 0.00011347256076987833 0.00015358561358880252 0.00016669579781591892 0.0001154150886577554 0.00015436603280249983 0.0001655776286497712 0.00011336588795529678 0.00015371509653050452 0.0001665235758991912
67139 0.00011354167509125546 0.0001535260962555185 0.00016677433450240642 0.0001154150886577554 0.00015436603280249983 0.0001655776286497712 0.00011347256076987833 0.00015358561358880252 0.00016669579781591892
67140 0.00011362040095264092 0.0001534709008410573 0.00016684673028066754 0.0001154150886577554 0.00015436603280249983 0.0001655776286497712 0.00011354167509125546 0.0001535260962555185 0.00016677433450240642
67141 0.00011370792344678193 0.00015342056576628238 0.00016691224300302565 0.0001154150886577554 0.00015436603280249983 0.0001655776286497712 0.00011362040095264092 0.0001534709008410573 0.00016684673028066754
67142 0.00011380336945876479 0.0001533756440039724 0.00016697020328138024 0.0001154150886577554 0.00015436603280249983 0.0001655776286497712 0.00011370792344678193 0.00015342056576628238 0.00016691224300302565
67143 0.00011401397205190733 0.00015330372843891382 0.00016706115275155753 0.0001154150886577554 0.00015436603280249983 0.0001655776286497712 0.00011380336945876479 0.0001533756440039724 0.00016697020328138024
67144 0.00011412698222557083 0.00015327749133575708 0.00016709322517272085 0.0001154150886577554 0.00015436603280249983 0.0001655776286497712 0.00011401397205190733 0.00015330372843891382 0.00016706115275155753
67145 0.00011436262138886377 0.0001532457972643897 0.00016712889191694558 0.0001154150886577554 0.00015436603280249983 0.0001655776286497712 0.00011412698222557083 0.00015327749133575708 0.00016709322517272085
67146 0.0001144828274846077 0.00015324066043831408 0.00016713212244212627 0.0001154150886577554 0.00015436603280249983 0.0001655776286497712 0.00011436262138886377 0.0001532457972643897 0.00016712889191694558
67147 0.00011472187907202169 0.00015325209824368358 0.00016710923227947205 0.0001154150886577554 0.00015436603280249983 0.0001655776286497712 0.0001144828274846077 0.00015324066043831408 0.00016713212244212627
67148 0.00011483826529001817 0.00015326854190789163 0.00016708332987036556 0.0001154150886577554 0.00015436603280249983 0.0001655776286497712 0.00011472187907202169 0.00015325209824368358 0.00016710923227947205
67149 0.00011505882866913453 0.00015332204930018634 0.00016700394917279482 0.0001154150886577554 0.00015436603280249983 0.0001655776286497712 0.00011483826529001817 0.00015326854190789163 0.00016708332987036556
67150 0.0001151607430074364 0.00015335857460740954 0.00016695127123966813 0.0001154150886577554 0.00015436603280249983 0.0001655776286497712 0.00011505882866913453 0.00015332204930018634 0.00016700394917279482
67151 0.00011534264194779098 0.00015344932035077363 0.00016682263230904937 0.0001154150886577554 0.00015436603280249983 0.0001655776286497712 0.0001151607430074364 0.00015335857460740954 0.00016695127123966813
67152 0.00011542076390469447 0.00015350263856817037 0.0001667479518800974 0.0001154150886577554 0.00015436603280249983 0.0001655776286497712 0.00011534264194779098 0.00015344932035077363 0.00016682263230904937
67153 0.000115489267045632 0.00015356054063886404 0.00016666730516590178 0.0001154150886577554 0.00015436603280249983 0.0001655776286497712 0.00011542076390469447 0.00015350263856817037 0.0001667479518800974
67154 0.00011554741649888456 0.00015362251724582165 0.0001665814925218001 0.0001154150886577554 0.00015436603280249983 0.0001655776286497712 0.000115489267045632 0.00015356054063886404 0.00016666730516590178
67155 0.00011559460108401254 0.0001536879426566884 0.0001664913143031299 0.0001154150886577554 0.00015436603280249983 0.0001655776286497712 0.00011554741649888456 0.00015362251724582165 0.0001665814925218001
67156 0.00011563032603589818 0.00015375624934677035 0.00016639762907288969 0.0001154150886577554 0.00015436603280249983 0.0001655776286497712 0.00011559460108401254 0.0001536879426566884 0.0001664913143031299
67157 0.00011565411841729656 0.000153826767927967 0.00016630128084216267 0.0001154150886577554 0.00015436603280249983 0.0001655776286497712 0.00011563032603589818 0.00015375624934677035 0.00016639762907288969
67158 0.00011565411841729656 0.000153826767927967 0.00016630128084216267 0.0001154841884272173 0.00015430654457304627 0.00016565613623242825 0.0001154150886577554 0.00015436603280249983 0.0001655776286497712
67159 0.00011565411841729656 0.000153826767927967 0.00016630128084216267 0.00011554295633686706 0.00015424337470903993 0.00016573994071222842 0.0001154841884272173 0.00015430654457304627 0.00016565613623242825
67160 0.00011565411841729656 0.000153826767927967 0.00016630128084216267 0.00011559080303413793 0.00015417719259858131 0.00016582818352617323 0.00011554295633686706 0.00015424337470903993 0.00016573994071222842
67161 0.00011565411841729656 0.000153826767927967 0.00016630128084216267 0.00011562723375391215 0.0001541086967336014 0.00016591990424785763 0.00011559080303413793 0.00015417719259858131 0.00016582818352617323
67162 0.00011565411841729656 0.000153826767927967 0.00016630128084216267 0.00011565190652618185 0.0001540386292617768 0.00016601414245087653 0.00011562723375391215 0.0001541086967336014 0.00016591990424785763
67163 0.00011565190652618185 0.0001540386292617768 0.00016601414245087653 0.00011565411841729656 0.000153826767927967 0.00016630128084216267 0.00011566530884010717 0.00015389690815936774 0.00016620586393401027
3 -0.9010100696103183 -0.2746666844492976 -0.3357663874101153 1.0000389877128606 42
67220 8.031882316572592e-05 7.999433728400618e-05 0.00011375798203516752 8.043130219448358e-05 7.95188607298769e-05 0.00011384511890355498 8.036448707571253e-05 7.976093183970079e-05 0.00011382639058865607
67221 8.044415881158784e-05 8.078175596892834e-05 0.0001127775467466563 8.032638288568705e-05 8.062041160883382e-05 0.00011322555656079203 8.037865336518735e-05 8.072840864770114e-05 0.000112996953248512
67222 8.129097113851458e-05 7.877412281231955e-05 0.00011214745609322563 8.130578498821706e-05 7.910407293820754e-05 0.0001118377986131236 8.130790229188278e-05 7.892549911048263e-05 0.00011197819549124688
67223 8.044415881158784e-05 8.078175596892834e-05 0.0001127775467466563 8.030728349694982e-05 8.054223872022703e-05 0.0001133407567976974 8.032638288568705e-05 8.062041160883382e-05 0.00011322555656079203
67224 8.044415881158784e-05 8.078175596892834e-05 0.0001127775467466563 8.029462333070114e-05 8.044877904467285e-05 0.00011345119128236547 8.030728349694982e-05 8.054223872022703e-05 0.0001133407567976974
67225 8.044415881158784e-05 8.078175596892834e-05 0.0001127775467466563 8.029021410038695e-05 8.034173515625298e-05 0.00011355058813933283 8.029462333070114e-05 8.044877904467285e-05 0.00011345119128236547
67226 8.044415881158784e-05 8.078175596892834e-05 0.0001127775467466563 8.030333992792293e-05 8.011118188733235e-05 0.0001137039580498822 8.029021410038695e-05 8.034173515625298e-05 0.00011355058813933283
67227 8.044415881158784e-05 8.078175596892834e-05 0.0001127775467466563 8.031882316572592e-05 7.999433728400618e-05 0.00011375798203516752 8.030333992792293e-05 8.011118188733235e-05 0.0001137039580498822
67228 8.044415881158784e-05 8.078175596892834e-05 0.0001127775467466563 8.043130219448358e-05 7.95188607298769e-05 0.00011384511890355498 8.031882316572592e-05 7.999433728400618e-05 0.00011375798203516752
67229 8.044415881158784e-05 8.078175596892834e-05 0.0001127775467466563 8.047407027333975e-05 7.939185161376372e-05 0.00011383424134692177 8.043130219448358e-05 7.95188607298769e-05 0.00011384511890355498
67230 8.044415881158784e-05 8.078175596892834e-05 0.0001127775467466563 8.057832746999338e-05 7.913439912954345e-05 0.00011376508336979896 8.047407027333975e-05 7.939185161376372e-05 0.00011383424134692177
67231 8.044415881158784e-05 8.078175596892834e-05 0.0001127775467466563 8.063716086326167e-05 7.901460048742592e-05 0.00011370519496267661 8.057832746999338e-05 7.913439912954345e-05 0.00011376508336979896
67232 8.044415881158784e-05 8.078175596892834e-05 0.0001127775467466563 8.069665636867285e-05 7.890804408816621e-05 0.00011363271914888173 8.063716086326167e-05 7.901460048742592e-05 0.00011370519496267661
67233 8.044415881158784e-05 8.078175596892834e-05 0.0001127775467466563 8.075492951320484e-05 7.881606870796531e-05 0.00011355158494552597 8.069665636867285e-05 7.890804408816621e-05 0.00011363271914888173
67234 8.044415881158784e-05 8.078175596892834e-05 0.0001127775467466563 8.086478192126378e-05 7.86750388215296e-05 0.00011337215983076021 8.075492951320484e-05 7.881606870796531e-05 0.00011355158494552597
67235 8.044415881158784e-05 8.078175596892834e-05 0.0001127775467466563 8.091613563010469e-05 7.862391066737473e-05 0.0001132761753979139 8.086478192126378e-05 7.86750388215296e-05 0.00011337215983076021
67236 8.044415881158784e-05 8.078175596892834e-05 0.0001127775467466563 8.101215644273907e-05 7.855616422602907e-05 0.00011307393288007006 8.091613563010469e-05 7.862391066737473e-05 0.0001132761753979139
67237 8.044415881158784e-05 8.078175596892834e-05 0.0001127775467466563 8.105641609290615e-05 7.853903662180528e-05 0.0001129692027461715 8.101215644273907e-05 7.855616422602907e-05 0.00011307393288007006
67238 8.048132440308109e-05 8.079144026851282e-05 0.00011266989167779684 8.105641609290615e-05 7.853903662180528e-05 0.0001129692027461715 8.044415881158784e-05 8.078175596892834e-05 0.0001127775467466563
67239 8.05638192105107e-05 8.077890379354358e-05 0.00011245875066379085 8.105641609290615e-05 7.853903662180528e-05 0.0001129692027461715 8.048132440308109e-05 8.079144026851282e-05 0.00011266989167779684
67240 8.05638192105107e-05 8.077890379354358e-05 0.00011245875066379085 8.109791815513745e-05 7.85326337791048e-05 0.00011286304652458057 8.105641609290615e-05 7.853903662180528e-05 0.0001129692027461715
67241 8.05638192105107e-05 8.077890379354358e-05 0.00011245875066379085 8.11364661785774e-05 7.85368392826058e-05 0.00011275617725914344 8.109791815513745e-05 7.85326337791048e-05 0.00011286304652458057
67242 8.060854452196509e-05 8.075693040154874e-05 0.00011235672718612477 8.11364661785774e-05 7.85368392826058e-05 0.00011275617725914344 8.05638192105107e-05 8.077890379354358e-05 0.00011245875066379085
67243 8.065503789111972e-05 8.07247415650636e-05 0.00011225826892768964 8.11364661785774e-05 7.85368392826058e-05 0.00011275617725914344 8.060854452196509e-05 8.075693040154874e-05 0.00011235672718612477
67244 8.075165533227846e-05 8.063101267907768e-05 0.00011207571515114978 8.11364661785774e-05 7.85368392826058e-05 0.00011275617725914344 8.065503789111972e-05 8.07247415650636e-05 0.00011225826892768964
67245 8.080084808170795e-05 8.05703311925754e-05 0.00011199331493116915 8.11364661785774e-05 7.85368392826058e-05 0.00011275617725914344 8.075165533227846e-05 8.063101267907768e-05 0.00011207571515114978
67246 8.089876064332202e-05 8.042420085985214e-05 0.00011185012408532202 8.11364661785774e-05 7.85368392826058e-05 0.00011275617725914344 8.080084808170795e-05 8.05703311925754e-05 0.00011199331493116915
67247 8.094655640888959e-05 8.03401053417474e-05 0.00011179066495969892 8.11364661785774e-05 7.85368392826058e-05 0.00011275617725914344 8.089876064332202e-05 8.042420085985214e-05 0.00011185012408532202
67248 8.099297701846808e-05 8.024968701647595e-05 0.00011174005339853466 8.11364661785774e-05 7.85368392826058e-05 0.00011275617725914344 8.094655640888959e-05 8.03401053417474e-05 0.00011179066495969892
67249 8.107998291961849e-05 8.00532943685539e-05 0.00011166722106281668 8.11364661785774e-05 7.85368392826058e-05 0.00011275617725914344 8.099297701846808e-05 8.024968701647595e-05 0.00011174005339853466
67250 8.111976057989523e-05 7.99491535872221e-05 0.00011164567695232108 8.11364661785774e-05 7.85368392826058e-05 0.00011275617725914344 8.107998291961849e-05 8.00532943685539e-05 0.00011166722106281668
67251 8.119000995066017e-05 7.973384344950318e-05 0.00011163331510033458 8.11364661785774e-05 7.85368392826058e-05 0.00011275617725914344 8.111976057989523e-05 7.99491535872221e-05 0.00011164567695232108
67252 8.121981954900548e-05 7.962467498145998e-05 0.00011164262105012313 8.11364661785774e-05 7.85368392826058e-05 0.00011275617725914344 8.119000995066017e-05 7.973384344950318e-05 0.00011163331510033458
67253 8.124570013023913e-05 7.951585575938225e-05 0.00011166217154823244 8.11364661785774e-05 7.85368392826058e-05 0.00011275617725914344 8.121981954900548e-05 7.962467498145998e-05 0.00011164262105012313
67254 8.128477929858491e-05 7.930330320959911e-05 0.00011173117673024535 8.11364661785774e-05 7.85368392826058e-05 0.00011275617725914344 8.124570013023913e-05 7.951585575938225e-05 0.00011166217154823244
67255 8.129761408781633e-05 7.920154894236475e-05 0.00011177999840583652 8.11364661785774e-05 7.85368392826058e-05 0.00011275617725914344 8.128477929858491e-05 7.930330320959911e-05 0.00011173117673024535
67256 8.130578498821706e-05 7.910407293820754e-05 0.0001118377986131236 8.11364661785774e-05 7.85368392826058e-05 0.00011275617725914344 8.129761408781633e-05 7.920154894236475e-05 0.00011177999840583652
67257 8.129097113851458e-05 7.877412281231955e-05 0.00011214745609322563 8.11364661785774e-05 7.85368392826058e-05 0.00011275617725914344 8.130578498821706e-05 7.910407293820754e-05 0.0001118377986131236
67258 8.127546607283875e-05 7.871042907936499e-05 0.0001122411631513387 8.11364661785774e-05 7.85368392826058e-05 0.00011275617725914344 8.129097113851458e-05 7.877412281231955e-05 0.00011214745609322563
67259 8.125539170578122e-05 7.865556108299643e-05 0.00011233991972403601 8.11364661785774e-05 7.85368392826058e-05 0.00011275617725914344 8.127546607283875e-05 7.871042907936499e-05 0.0001122411631513387
67260 8.125539170578122e-05 7.865556108299643e-05 0.00011233991972403601 8.117177640087903e-05 7.855150033719838e-05 0.00011264944623690099 8.11364661785774e-05 7.85368392826058e-05 0.00011275617725914344
67261 8.117177640087903e-05 7.855150033719838e-05 0.00011264944623690099 8.125539170578122e-05 7.865556108299643e-05 0.00011233991972403601 8.123149018501863e-05 7.861125050112605e-05 0.00011244033521506935
4 0.9913380590746697 0.12599709605873874 -0.03706189977364442 0.999995959623917 49
67071 0.00017823258531279862 0.0001372440019622445 0.00012911795056425035 0.00017826298426371068 0.00013712805230170488 0.00012953679834026843 0.00017824456153903157 0.00013718953414354473 0.00012925273040309548
67072 0.00017823258531279862 0.0001372440019622445 0.00012911795056425035 0.00017826922703534365 0.00013712180953007191 0.00012968239025212824 0.00017826298426371068 0.00013712805230170488 0.00012953679834026843
67073 0.00017823258531279862 0.0001372440019622445 0.00012911795056425035 0.0001782733597792685 0.00013713209773413837 0.0001298278075410053 0.00017826922703534365 0.00013712180953007191 0.00012968239025212824
67074 0.00017823258531279862 0.0001372440019622445 0.00012911795056425035 0.00017827532428782433 0.00013715875684283674 0.0001299711875617504 0.0001782733597792685 0.00013713209773413837 0.0001298278075410053
67075 0.00017823258531279862 0.0001372440019622445 0.00012911795056425035 0.0001782751060090959 0.000137201466714032 0.00013011065311729908 0.00017827532428782433 0.00013715875684283674 0.0001299711875617504
67076 0.00017823258531279862 0.0001372440019622445 0.00012911795056425035 0.00017826816474553198 0.00013733256491832435 0.00013037060853093863 0.0001782751060090959 0.000137201466714032 0.00013011065311729908
67077 0.00017823258531279862 0.0001372440019622445 0.00012911795056425035 0.00017826152907218784 0.00013741922157350928 0.00013048773689661175 0.00017826816474553198 0.00013733256491832435 0.00013037060853093863
67078 0.00017823258531279862 0.0001372440019622445 0.00012911795056425035 0.0001782528852345422 0.0001375185529468581 0.00013059419870842248 0.00017826152907218784 0.00013741922157350928 0.00013048773689661175
67079 0.00017823258531279862 0.0001372440019622445 0.00012911795056425035 0.00017824234964791685 0.0001376292057102546 0.00013068861153442413 0.0001782528852345422 0.0001375185529468581 0.00013059419870842248
67080 0.00017823258531279862 0.0001372440019622445 0.00012911795056425035 0.0001782300678314641 0.00013774976832792163 0.0001307697530137375 0.00017824234964791685 0.0001376292057102546 0.00013068861153442413
67081 0.00017823258531279862 0.0001372440019622445 0.00012911795056425035 0.00017821618530433625 0.0001378786691930145 0.00013083656085655093 0.0001782300678314641 0.00013774976832792163 0.0001307697530137375
67082 0.00017821900837589055 0.00013731337094213814 0.00012899037392344326 0.00017821618530433625 0.0001378786691930145 0.00013083656085655093 0.00017823258531279862 0.0001372440019622445 0.00012911795056425035
67083 0.00017820396169554442 0.0001373967679683119 0.00012887167395092547 0.00017821618530433625 0.0001378786691930145 0.00013083656085655093 0.00017821900837589055 0.00013731337094213814 0.00012899037392344326
67084 0.00017818766355048865 0.0001374931016471237 0.00012876337859779596 0.00017821618530433625 0.0001378786691930145 0.00013083656085655093 0.00017820396169554442 0.0001373967679683119 0.00012887167395092547
67085 0.0001781703467713669 0.00013760112051386386 0.00012866691395174712 0.00017821618530433625 0.0001378786691930145 0.00013083656085655093 0.00017818766355048865 0.0001374931016471237 0.00012876337859779596
67086 0.0001781521859811619 0.00013771939848084003 0.00012858353147748858 0.00017821618530433625 0.0001378786691930145 0.00013083656085655093 0.0001781703467713669 0.00013760112051386386 0.00012866691395174712
67087 0.00017813345766626298 0.0001378464075969532 0.00012851430801674724 0.00017821618530433625 0.0001378786691930145 0.00013083656085655093 0.0001781521859811619 0.00013771939848084003 0.00012858353147748858
67088 0.00017811439465731382 0.00013798047439195216 0.0001284601748920977 0.00017821618530433625 0.0001378786691930145 0.00013083656085655093 0.00017813345766626298 0.0001378464075969532 0.00012851430801674724
67089 0.00017809522978495806 0.00013811989629175514 0.00012842181604355574 0.00017821618530433625 0.0001378786691930145 0.00013083656085655093 0.00017811439465731382 0.00013798047439195216 0.0001284601748920977
67090 0.00017807625408750027 0.0001382627960992977 0.00012839972623623908 0.00017821618530433625 0.0001378786691930145 0.00013083656085655093 0.00017809522978495806 0.00013811989629175514 0.00012842181604355574
67091 0.00017805768584366888 0.00013840736937709153 0.00012839421106036752 0.00017821618530433625 0.0001378786691930145 0.00013083656085655093 0.00017807625408750027 0.0001382627960992977 0.00012839972623623908
67092 0.00017803975788410753 0.00013855168072041124 0.00012840534327551723 0.00017821618530433625 0.0001378786691930145 0.00013083656085655093 0.00017805768584366888 0.00013840736937709153 0.00012839421106036752
67093 0.00017802270303945988 0.00013869388203602284 0.00012843296281062067 0.00017821618530433625 0.0001378786691930145 0.00013083656085655093 0.00017803975788410753 0.00013855168072041124 0.00012840534327551723
67094 0.00017800678324420005 0.00013883209612686187 0.00012847670586779714 0.00017821618530433625 0.0001378786691930145 0.00013083656085655093 0.00017802270303945988 0.00013869388203602284 0.00012843296281062067
67095 0.00017799214401748031 0.00013896454765927047 0.00012853601947426796 0.00017821618530433625 0.0001378786691930145 0.00013083656085655093 0.00017800678324420005 0.00013883209612686187 0.00012847670586779714
67096 0.00017797904729377478 0.00013908949040342122 0.0001286101178266108 0.00017821618530433625 0.0001378786691930145 0.00013083656085655093 0.00017799214401748031 0.00013896454765927047 0.00012853601947426796
67097 0.00017796762404032052 0.00013920529454480857 0.0001286980404984206 0.00017821618530433625 0.0001378786691930145 0.00013083656085655093 0.00017797904729377478 0.00013908949040342122 0.0001286101178266108
67098 0.00017795800522435457 0.00013931046123616397 0.00012879865244030952 0.00017821618530433625 0.0001378786691930145 0.00013083656085655093 0.00017796762404032052 0.00013920529454480857 0.0001286980404984206
67099 0.00017794476298149675 0.00013948352716397494 0.00012903250171802938 0.00017821618530433625 0.0001378786691930145 0.00013083656085655093 0.00017795800522435457 0.00013931046123616397 0.00012879865244030952
67100 0.00017794128507375717 0.00013954918540548533 0.00012916269770357758 0.00017821618530433625 0.0001378786691930145 0.00013083656085655093 0.00017794476298149675 0.00013948352716397494 0.00012903250171802938
67101 0.0001779399608494714 0.00013959970965515822 0.00012929951481055468 0.00017821618530433625 0.0001378786691930145 0.00013083656085655093 0.00017794128507375717 0.00013954918540548533 0.00012916269770357758
67102 0.00017794086306821555 0.00013963445962872356 0.00012944119225721806 0.00017821618530433625 0.0001378786691930145 0.00013083656085655093 0.0001779399608494714 0.00013959970965515822 0.00012929951481055468
67103 0.00017794390441849828 0.00013965295511297882 0.00012958585284650326 0.00017821618530433625 0.0001378786691930145 0.00013083656085655093 0.00017794086306821555 0.00013963445962872356 0.00012944119225721806
67104 0.0001779490994522348 0.00013965497782919556 0.00012973163393326104 0.00017821618530433625 0.0001378786691930145 0.00013083656085655093 0.00017794390441849828 0.00013965295511297882 0.00012958585284650326
67105 0.000177956375409849 0.0001396404841216281 0.00012987665832042694 0.00017821618530433625 0.0001378786691930145 0.00013083656085655093 0.0001779490994522348 0.00013965497782919556 0.00012973163393326104
67106 0.000177965615876019 0.00013960963406134397 0.00013001906336285174 0.00017821618530433625 0.0001378786691930145 0.00013083656085655093 0.000177956375409849 0.0001396404841216281 0.00012987665832042694
67107 0.00017797671898733824 0.0001395628205500543 0.00013015700096730143 0.00017821618530433625 0.0001378786691930145 0.00013083656085655093 0.000177965615876019 0.00013960963406134397 0.00013001906336285174
67108 0.00017798953922465444 0.0001395005820086226 0.00013028871035203338 0.00017821618530433625 0.0001378786691930145 0.00013083656085655093 0.00017797671898733824 0.0001395628205500543 0.00013015700096730143
67109 0.00017800396017264575 0.0001394236460328102 0.00013041251804679632 0.00017821618530433625 0.0001378786691930145 0.00013083656085655093 0.00017798953922465444 0.0001395005820086226 0.00013028871035203338
67110 0.00017801976355258375 0.00013933290028944612 0.00013052683789283037 0.00017821618530433625 0.0001378786691930145 0.00013083656085655093 0.00017800396017264575 0.0001394236460328102 0.00013041251804679632
67111 0.00017803680384531617 0.00013922933430876583 0.0001306302146986127 0.00017821618530433625 0.0001378786691930145 0.00013083656085655093 0.00017801976355258375 0.00013933290028944612 0.00013052683789283037
67112 0.00017805484822019935 0.0001391140540363267 0.00013072123692836612 0.00017821618530433625 0.0001378786691930145 0.00013083656085655093 0.00017803680384531617 0.00013922933430876583 0.0001306302146986127
67113 0.00017805484822019935 0.0001391140540363267 0.00013072123692836612 0.000178200876689516 0.0001380142057314515 0.00013088817649986595 0.00017821618530433625 0.0001378786691930145 0.00013083656085655093
67114 0.00017805484822019935 0.0001391140540363267 0.00013072123692836612 0.00017816688341554254 0.0001382979389745742 0.00013094332825858146 0.000178200876689516 0.0001380142057314515 0.00013088817649986595
67115 0.00017805484822019935 0.0001391140540363267 0.00013072123692836612 0.00017814863531384617 0.00013844241038896143 0.00013094618043396622 0.00017816688341554254 0.0001382979389745742 0.00013094332825858146
67116 0.00017805484822019935 0.0001391140540363267 0.00013072123692836612 0.00017812984879128635 0.00013858605234418064 0.0001309324725298211 0.00017814863531384617 0.00013844241038896143 0.00013094618043396622
67117 0.00017805484822019935 0.0001391140540363267 0.00013072123692836612 0.00017811082943808287 0.00013872692943550646 0.00013090248103253543 0.00017812984879128635 0.00013858605234418064 0.0001309324725298211
67118 0.00017805484822019935 0.0001391140540363267 0.00013072123692836612 0.0001780918100848794 0.00013886310625821352 0.00013085667160339653 0.00017811082943808287 0.00013872692943550646 0.00013090248103253543
67119 0.0001780918100848794 0.00013886310625821352 0.00013085667160339653 0.00017805484822019935 0.0001391140540363267 0.00013072123692836612 0.0001780730817699805 0.0001389926765114069 0.0001307959610130638
