-----------------------------------------------------------------------------------
 Eq      N-i            T    dB      Ri/R1      Ri/R0       R/Ri    lsIt   dB   %t
-----------------------------------------------------------------------------------
 NS      1-1    2.524e+01 [   0  1.000e+00  1.000e+00  9.969e-11] [  637 -230   89]
 NS      1-2    3.652e+01 [-104  5.755e-06  5.755e-06  9.977e-11] [  646 -230   80]
 NS      1-3    4.647e+01 [-215  1.627e-11  1.627e-11  9.342e-11] [  550 -231   78]
 NS      2-1    5.808e+01 [   0  1.000e+00  1.132e+00  9.607e-11] [  666 -231   80]
 NS      2-2    6.760e+01 [-111  2.685e-06  3.039e-06  9.905e-11] [  519 -230   76]
 NS      2-3    7.875e+01 [-220  9.081e-12  1.028e-11  9.964e-11] [  636 -230   80]
 NS      3-1    9.025e+01 [   0  1.000e+00  1.261e+00  9.926e-11] [  658 -230   80]
 NS      3-2    1.007e+02 [-118  1.216e-06  1.534e-06  9.900e-11] [  588 -230   78]
 NS      3-3    1.116e+02 [-229  3.485e-12  4.395e-12  2.229e-10] [  615 -222   79]
 NS      4-1    1.229e+02 [   0  1.000e+00  1.093e+00  9.176e-11] [  645 -231   80]
 NS      4-2    1.331e+02 [-122  7.663e-07  8.376e-07  9.627e-11] [  567 -231   78]
 NS      4-3    1.427e+02 [-233  2.208e-12  2.414e-12  3.949e-10] [  526 -217   77]
 NS      5-1    1.542e+02 [   0  1.000e+00  8.300e-01  9.882e-11] [  659 -230   80]
 NS      5-2    1.639e+02 [-125  5.607e-07  4.654e-07  9.827e-11] [  526 -230   77]
 NS      5-3    1.737e+02 [-236  1.551e-12  1.287e-12  7.509e-10] [  544 -210   77]
 NS      6-1    1.909e+02 [   0  1.000e+00  5.818e-01  9.511e-11] [  651 -231   87]
 NS      6-2    2.013e+02 [-126  4.519e-07  2.629e-07  9.949e-11] [  579 -230   78]
 NS      6-3    2.098e+02 [-238  1.242e-12  7.225e-13  1.353e-09] [  449 -204   74]
 NS      7-1    2.217e+02 [   0  1.000e+00  3.864e-01  9.781e-11] [  686 -230   81]
 NS      7-2    2.316e+02 [-127  4.125e-07  1.594e-07  9.447e-11] [  544 -231   77]
 NS      7-3    2.409e+02 [-239  1.090e-12  4.212e-13  2.311e-09] [  502 -199   76]
 NS      8-1    2.538e+02 [   0  1.000e+00  2.467e-01  9.586e-11] [  758 -231   82]
 NS      8-2    2.634e+02 [-128  3.690e-07  9.105e-08  9.509e-11] [  522 -231   76]
 NS      8-3    2.724e+02 [-239  1.020e-12  2.516e-13  3.841e-09] [  480 -194   75]
 NS      9-1    2.847e+02 [   0  1.000e+00  1.529e-01  9.991e-11] [  717 -230   81]
 NS      9-2    2.948e+02 [-128  3.603e-07  5.509e-08  9.986e-11] [  563 -230   78]
 NS      9-3    3.036e+02 [-240  9.964e-13  1.524e-13  6.379e-09] [  468 -189   75]
 NS     10-1    3.152e+02 [   0  1.000e+00  9.254e-02  9.684e-11] [  664 -231   80]
 NS     10-2    3.253e+02 [-129  3.433e-07  3.177e-08  9.536e-11] [  559 -231   78]
 NS     10-3s   3.339e+02 [-239  1.006e-12  9.308e-14  1.056e-08] [  457 -184   74]
 NS     11-1    3.523e+02 [   0  1.000e+00  5.494e-02  9.992e-11] [  682 -230   83]
 NS     11-2    3.636e+02 [-129  3.390e-07  1.863e-08  9.981e-11] [  645 -230   80]
 NS     11-3    3.721e+02 [-239  1.102e-12  6.054e-14  1.578e-08] [  445 -180   74]
 NS     12-1    3.835e+02 [   0  1.000e+00  3.209e-02  9.616e-11] [  651 -231   80]
 NS     12-2    3.938e+02 [-129  3.301e-07  1.059e-08  9.363e-11] [  581 -231   78]
 NS     12-3    4.023e+02 [-237  1.398e-12  4.486e-14  2.158e-08] [  446 -177   74]
 NS     13-1    4.147e+02 [   0  1.000e+00  1.849e-02  9.785e-11] [  721 -230   82]
 NS     13-2    4.248e+02 [-129  3.269e-07  6.044e-09  9.551e-11] [  564 -231   78]
 NS     13-3    4.320e+02 [-233  2.077e-12  3.841e-14  2.503e-08] [  348 -175   68]
 NS     14-1    4.432e+02 [   0  1.000e+00  1.053e-02  9.413e-11] [  638 -231   80]
 NS     14-2    4.526e+02 [-129  3.224e-07  3.395e-09  9.752e-11] [  512 -231   76]
 NS     14-3    4.595e+02 [-229  3.445e-12  3.628e-14  2.514e-08] [  326 -175   67]
 NS     15-1    4.708e+02 [   0  1.000e+00  5.936e-03  9.838e-11] [  650 -230   80]
 NS     15-2    4.810e+02 [-129  3.205e-07  1.902e-09  9.633e-11] [  562 -231   78]
 NS     15-3    4.877e+02 [-224  5.916e-12  3.512e-14  2.735e-08] [  322 -174   67]
 NS     16-1    5.053e+02 [   0  1.000e+00  3.316e-03  9.751e-11] [  674 -231   87]
 NS     16-2    5.140e+02 [-129  3.186e-07  1.057e-09  9.737e-11] [  464 -231   74]
 NS     16-3    5.216e+02 [-219  1.066e-11  3.535e-14  2.738e-08] [  374 -174   70]
 NS     17-1    5.333e+02 [   0  1.000e+00  1.838e-03  9.953e-11] [  670 -230   80]
 NS     17-2    5.428e+02 [-129  3.180e-07  5.844e-10  9.449e-11] [  516 -231   76]
 NS     17-3    5.493e+02 [-214  1.914e-11  3.518e-14  2.688e-08] [  301 -174   65]
 NS     18-1    5.610e+02 [   0  1.000e+00  1.011e-03  9.460e-11] [  672 -231   80]
 NS     18-2    5.696e+02 [-129  3.177e-07  3.213e-10  9.374e-11] [  455 -231   74]
 NS     18-3    5.765e+02 [-209  3.484e-11  3.524e-14  2.770e-08] [  330 -174   68]
 NS     19-1    5.882e+02 [   0  1.000e+00  5.529e-04  9.742e-11] [  668 -231   80]
 NS     19-2    5.976e+02 [-129  3.181e-07  1.759e-10  9.982e-11] [  509 -230   76]
 NS     19-3    6.042e+02 [-203  6.343e-11  3.507e-14  2.797e-08] [  311 -174   66]
 NS     20-1    6.155e+02 [   0  1.000e+00  3.005e-04  9.891e-11] [  640 -230   80]
 NS     20-2s   6.248e+02 [-129  3.189e-07  9.584e-11  9.289e-11] [  504 -231   76]
 NS     21-1    6.421e+02 [   0  1.000e+00  1.624e-04  9.847e-11] [  603 -230   83]
 NS     21-2    6.522e+02 [-129  3.202e-07  5.201e-11  9.734e-11] [  566 -231   78]
 NS     22-1    6.636e+02 [   0  1.000e+00  8.739e-05  9.736e-11] [  651 -231   80]
 NS     22-2    6.744e+02 [-129  3.218e-07  2.812e-11  9.875e-11] [  610 -230   79]
 NS     23-1    6.863e+02 [   0  1.000e+00  4.679e-05  9.716e-11] [  688 -231   81]
 NS     23-2    6.956e+02 [-129  3.237e-07  1.515e-11  9.532e-11] [  501 -231   76]
 NS     24-1    7.081e+02 [   0  1.000e+00  2.495e-05  9.661e-11] [  727 -231   82]
 NS     24-2    7.175e+02 [-129  3.259e-07  8.132e-12  1.207e-10] [  515 -228   76]
 NS     25-1    7.294e+02 [   0  1.000e+00  1.325e-05  9.651e-11] [  672 -231   81]
 NS     25-2    7.392e+02 [-129  3.285e-07  4.353e-12  2.271e-10] [  541 -222   77]
 NS     26-1    7.563e+02 [   0  1.000e+00  7.012e-06  9.767e-11] [  656 -230   87]
 NS     26-2    7.646e+02 [-129  3.313e-07  2.323e-12  4.141e-10] [  436 -216   73]
 NS     27-1    7.751e+02 [   0  1.000e+00  3.697e-06  9.949e-11] [  589 -230   79]
 NS     27-2    7.848e+02 [-129  3.345e-07  1.237e-12  7.904e-10] [  530 -210   77]
 NS     28-1    7.965e+02 [   0  1.000e+00  1.943e-06  9.290e-11] [  677 -231   81]
 NS     28-2    8.042e+02 [-129  3.382e-07  6.572e-13  1.481e-09] [  390 -203   71]
 NS     29-1    8.166e+02 [   0  1.000e+00  1.018e-06  9.877e-11] [  721 -230   82]
 NS     29-2    8.238e+02 [-129  3.430e-07  3.492e-13  2.660e-09] [  353 -197   69]
 NS     30-1    8.356e+02 [   0  1.000e+00  5.319e-07  9.767e-11] [  670 -230   80]
 NS     30-2s   8.433e+02 [-129  3.507e-07  1.865e-13  5.044e-09] [  390 -191   71]
 NS     31-1    8.605e+02 [   0  1.000e+00  2.771e-07  9.700e-11] [  609 -231   83]
 NS     31-2    8.682e+02 [-128  3.685e-07  1.021e-13  9.628e-09] [  382 -185   70]
 NS     32-1    8.807e+02 [   0  1.000e+00  1.439e-07  9.923e-11] [  728 -230   81]
 NS     32-2    8.874e+02 [-127  4.186e-07  6.026e-14  1.645e-08] [  323 -179   67]
 NS     33-1    8.991e+02 [   0  1.000e+00  7.459e-08  9.956e-11] [  671 -230   81]
 NS     33-2    9.065e+02 [-125  5.585e-07  4.166e-14  2.332e-08] [  369 -176   70]
 NS     34-1    9.182e+02 [   0  1.000e+00  3.856e-08  9.846e-11] [  672 -230   80]
 NS     34-2    9.255e+02 [-120  9.064e-07  3.495e-14  2.775e-08] [  360 -174   69]
 NS     35-1    9.361e+02 [   0  1.000e+00  1.989e-08  9.801e-11] [  591 -230   78]
 NS     35-2    9.427e+02 [-115  1.664e-06  3.310e-14  2.976e-08] [  312 -173   66]
 NS     36-1    9.592e+02 [   0  1.000e+00  1.023e-08  9.983e-11] [  608 -230   86]
 NS     36-2    9.655e+02 [-109  3.164e-06  3.237e-14  3.052e-08] [  290 -173   65]
 NS     37-1    9.777e+02 [   0  1.000e+00  5.253e-09  9.818e-11] [  710 -230   81]
 NS     37-2    9.848e+02 [-104  6.161e-06  3.237e-14  3.064e-08] [  352 -173   69]
 NS     38-1    9.964e+02 [   0  1.000e+00  2.691e-09  9.944e-11] [  669 -230   81]
 NS     38-2    1.004e+03 [ -98  1.196e-05  3.218e-14  2.933e-08] [  347 -173   69]
 NS     39-1    1.016e+03 [   0  1.000e+00  1.376e-09  9.958e-11] [  709 -230   81]
 NS     39-2    1.022e+03 [ -92  2.340e-05  3.220e-14  2.784e-08] [  282 -174   64]
 NS     40-1    1.034e+03 [   0  1.000e+00  7.022e-10  9.287e-11] [  677 -231   81]
 NS     40-2s   1.039e+03 [ -86  4.588e-05  3.221e-14  3.024e-08] [  250 -173   61]
 NS     41-1    1.058e+03 [   0  1.000e+00  3.576e-10  9.857e-11] [  691 -230   84]
 NS     41-2    1.064e+03 [ -81  8.871e-05  3.173e-14  3.095e-08] [  313 -173   67]
 NS     42-1    1.077e+03 [   0  1.000e+00  1.818e-10  9.860e-11] [  737 -230   82]
 NS     42-2    1.084e+03 [ -75  1.758e-04  3.197e-14  3.034e-08] [  329 -173   68]
 NS     43-1    1.096e+03 [   0  1.000e+00  9.226e-11  9.998e-11] [  697 -230   81]
 NS     43-2    1.103e+03 [ -69  3.474e-04  3.205e-14  3.093e-08] [  331 -173   68]
 NS     44-1    1.114e+03 [   0  1.000e+00  4.673e-11  9.893e-11] [  681 -230   81]
 NS     44-2    1.121e+03 [ -63  6.845e-04  3.199e-14  2.858e-08] [  287 -174   65]
 NS     45-1    1.131e+03 [   0  1.000e+00  2.363e-11  9.400e-11] [  549 -231   77]
 NS     45-2    1.138e+03 [ -57  1.330e-03  3.144e-14  3.146e-08] [  377 -173   70]
 NS     46-1    1.155e+03 [   0  1.000e+00  1.193e-11  9.545e-11] [  656 -231   87]
 NS     46-2    1.162e+03 [ -51  2.658e-03  3.171e-14  3.035e-08] [  334 -173   68]
 NS     47-1    1.175e+03 [   0  1.000e+00  6.014e-12  1.631e-10] [  725 -225   82]
 NS     47-2    1.181e+03 [ -45  5.275e-03  3.172e-14  3.058e-08] [  313 -173   66]
 NS     48-1    1.193e+03 [   0  1.000e+00  3.027e-12  3.154e-10] [  665 -219   80]
 NS     48-2    1.199e+03 [ -39  1.040e-02  3.147e-14  3.065e-08] [  310 -173   66]
 NS     49-1    1.211e+03 [   0  1.000e+00  1.521e-12  6.130e-10] [  653 -212   80]
 NS     49-2    1.217e+03 [ -33  2.065e-02  3.142e-14  3.125e-08] [  303 -173   66]
 NS     50-1    1.227e+03 [   0  1.000e+00  7.644e-13  1.296e-09] [  522 -205   76]
 NS     50-2s   1.232e+03 [ -27  4.140e-02  3.164e-14  3.115e-08] [  219 -173   58]
 NS     51-1    1.250e+03 [   0  1.000e+00  3.851e-13  2.556e-09] [  622 -198   83]
 NS     51-2    1.256e+03 [ -21  8.142e-02  3.136e-14  2.995e-08] [  324 -173   67]
 NS     52-1    1.267e+03 [   0  1.000e+00  1.973e-13  4.924e-09] [  607 -191   79]
 NS     52-2    1.274e+03 [ -15  1.603e-01  3.163e-14  3.070e-08] [  339 -173   68]
 NS     53-1    1.284e+03 [   0  1.000e+00  1.075e-13  9.194e-09] [  548 -185   77]
 NS     53-2    1.290e+03 [ -10  2.917e-01  3.137e-14  3.093e-08] [  249 -173   62]
 NS     54-1    1.299e+03 [   0  1.000e+00  6.824e-14  1.401e-08] [  528 -181   77]
 NS     54-2    1.305e+03 [  -6  4.561e-01  3.113e-14  3.151e-08] [  251 -173   61]
 NS     55-1    1.315e+03 [   0  1.000e+00  5.328e-14  1.801e-08] [  553 -178   77]
 NS     55-2    1.322e+03 [  -4  5.815e-01  3.099e-14  3.170e-08] [  293 -173   65]
 NS     56-1    1.336e+03 [   0  1.000e+00  5.038e-14  1.903e-08] [  455 -178   84]
 NS     56-2    1.343e+03 [  -4  6.238e-01  3.143e-14  3.103e-08] [  346 -173   69]
 NS     57-1    1.352e+03 [   0  1.000e+00  4.965e-14  1.843e-08] [  468 -178   74]
 NS     57-2    1.358e+03 [  -4  6.268e-01  3.112e-14  3.017e-08] [  258 -173   62]
 NS     58-1    1.365e+03 [   0  1.000e+00  4.856e-14  2.001e-08] [  352 -177   69]
 NS     58-2    1.371e+03 [  -3  6.349e-01  3.083e-14  3.210e-08] [  282 -173   64]
 NS     59-1    1.379e+03 [   0  1.000e+00  4.692e-14  2.108e-08] [  435 -177   73]
 NS     59-2    1.386e+03 [  -3  6.614e-01  3.104e-14  3.090e-08] [  313 -173   67]
 NS     60-1    1.393e+03 [   0  1.000e+00  4.843e-14  1.939e-08] [  346 -178   68]
 NS     60-2s   1.400e+03 [  -3  6.417e-01  3.107e-14  3.083e-08] [  321 -173   67]
 NS     61-1    1.413e+03 [   0  1.000e+00  4.813e-14  2.043e-08] [  306 -177   78]
 NS     61-2    1.420e+03 [  -3  6.469e-01  3.114e-14  3.134e-08] [  306 -173   66]
 NS     62-1    1.427e+03 [   0  1.000e+00  4.744e-14  2.041e-08] [  327 -177   67]
 NS     62-2    1.434e+03 [  -3  6.467e-01  3.068e-14  3.000e-08] [  350 -173   69]
 NS     63-1    1.441e+03 [   0  1.000e+00  4.727e-14  2.048e-08] [  348 -177   68]
 NS     63-2    1.448e+03 [  -3  6.588e-01  3.114e-14  3.171e-08] [  325 -173   68]
 NS     64-1    1.454e+03 [   0  1.000e+00  4.844e-14  2.041e-08] [  308 -177   66]
 NS     64-2    1.462e+03 [  -3  6.355e-01  3.078e-14  3.184e-08] [  384 -173   71]
 NS     65-1    1.469e+03 [   0  1.000e+00  4.773e-14  2.069e-08] [  311 -177   66]
 NS     65-2    1.474e+03 [  -3  6.496e-01  3.100e-14  3.132e-08] [  255 -173   62]
 NS     66-1    1.487e+03 [   0  1.000e+00  4.807e-14  2.006e-08] [  365 -177   83]
 NS     66-2    1.494e+03 [  -3  6.367e-01  3.061e-14  3.166e-08] [  328 -173   67]
 NS     67-1    1.501e+03 [   0  1.000e+00  4.737e-14  2.088e-08] [  313 -177   66]
 NS     67-2    1.508e+03 [  -3  6.622e-01  3.137e-14  3.137e-08] [  325 -173   67]
 NS     68-1    1.515e+03 [   0  1.000e+00  4.823e-14  1.922e-08] [  348 -178   68]
 NS     68-2    1.522e+03 [  -3  6.330e-01  3.053e-14  3.088e-08] [  343 -173   69]
 NS     69-1    1.529e+03 [   0  1.000e+00  4.905e-14  2.014e-08] [  339 -177   68]
 NS     69-2    1.535e+03 [  -4  6.244e-01  3.063e-14  3.161e-08] [  263 -173   63]
 NS     70-1    1.542e+03 [   0  1.000e+00  4.765e-14  2.048e-08] [  358 -177   69]
 NS     70-2s   1.549e+03 [  -3  6.375e-01  3.038e-14  3.204e-08] [  356 -173   69]
 NS     71-1    1.562e+03 [   0  1.000e+00  4.785e-14  2.073e-08] [  267 -177   76]
 NS     71-2    1.568e+03 [  -4  6.219e-01  2.976e-14  3.326e-08] [  308 -172   66]
