# svMultiPhysics boundary integral results file. 
# Quantities represent averaged scalar or flux values over each mesh face.
#        
# Format 
# ------ 
# face areas: [list of mesh face areas]  
# step time [list of mesh face names] 
# [time step] [time] [list of computed values for each mesh face]
face areas:  2.024e-09  5.049e-12  4.356e-12  7.757e-12  4.239e-12 
step   time   WALL  OUTLET_03  OUTLET_01  INLET  OUTLET_02 
 1   1.5040600917e-07  4.3217034381e+03  9.6563460823e+00  3.6098642564e+02  1.2434211960e+04  5.4942863784e+03 
 2   3.0081201834e-07  4.4112695150e+02  8.8424672152e+00  1.8139609137e+02  -9.8936809561e+02  2.7330688824e+03 
 3   4.5121802751e-07  3.5738563657e+03  1.0090189143e+01  2.7131801722e+02  1.0845193452e+04  4.1176971608e+03 
 4   6.0162403668e-07  1.2455508569e+03  9.0866276539e+00  2.2610483597e+02  1.6666997569e+03  3.4229038433e+03 
 5   7.5203004584e-07  2.8684383827e+03  9.7143755417e+00  2.4881992236e+02  8.2180048905e+03  3.7719241120e+03 
 6   9.0243605501e-07  1.7908751129e+03  9.3347655817e+00  2.3741556035e+02  3.8006935757e+03  3.5964632019e+03 
 7   1.0528420642e-06  2.4804491045e+03  9.5645557302e+00  2.4314442592e+02  6.6586830826e+03  3.6847256750e+03 
 8   1.2032480734e-06  2.0516434809e+03  9.4262877162e+00  2.4026404797e+02  4.8668057257e+03  3.6402981863e+03 
 9   1.3536540825e-06  2.3122308367e+03  9.5086054914e+00  2.4171332536e+02  5.9626030057e+03  3.6626771886e+03 
 10   1.5040600917e-06  2.1568438866e+03  9.4601333631e+00  2.4098365069e+02  5.3059979544e+03  3.6513957396e+03 
 11   1.6544661009e-06  2.2480304494e+03  9.4883890153e+00  2.4135125343e+02  5.6927948496e+03  3.6570872941e+03 
 12   1.8048721100e-06  2.1952493875e+03  9.4720663608e+00  2.4116594117e+02  5.4682122285e+03  3.6542136446e+03 
 13   1.9552781192e-06  2.2254364515e+03  9.4814203712e+00  2.4125941808e+02  5.5969941508e+03  3.6556656266e+03 
 14   2.1056841284e-06  2.2083529880e+03  9.4760974409e+00  2.4121223612e+02  5.5239448826e+03  3.6549314547e+03 
 15   2.2560901375e-06  2.2179305214e+03  9.4791078777e+00  2.4123606579e+02  5.5649864244e+03  3.6553029292e+03 
 16   2.4064961467e-06  2.2126059453e+03  9.4774145006e+00  2.4122402284e+02  5.5421229831e+03  3.6551148483e+03 
 17   2.5569021559e-06  2.2155438590e+03  9.4783624316e+00  2.4123011295e+02  5.5547632040e+03  3.6552101366e+03 
 18   2.7073081650e-06  2.2139338278e+03  9.4778341202e+00  2.4122703118e+02  5.5478227664e+03  3.6551618292e+03 
 19   2.8577141742e-06  2.2148107210e+03  9.4781273673e+00  2.4122859167e+02  5.5516099285e+03  3.6551863351e+03 
 20   3.0081201834e-06  2.2143358073e+03  9.4779652195e+00  2.4122780097e+02  5.5495551148e+03  3.6551738953e+03 
 21   3.1585261925e-06  2.2145916916e+03  9.4780545504e+00  2.4122820188e+02  5.5506642048e+03  3.6551802142e+03 
 22   3.3089322017e-06  2.2144544740e+03  9.4780055079e+00  2.4122799848e+02  5.5500684416e+03  3.6551770024e+03 
 23   3.4593382109e-06  2.2145277334e+03  9.4780323419e+00  2.4122810174e+02  5.5503870421e+03  3.6551786359e+03 
 24   3.6097442201e-06  2.2144887811e+03  9.4780177065e+00  2.4122804928e+02  5.5502173668e+03  3.6551778046e+03 
 25   3.7601502292e-06  2.2145094126e+03  9.4780256643e+00  2.4122807595e+02  5.5503073800e+03  3.6551782279e+03 
 26   3.9105562384e-06  2.2144985245e+03  9.4780213500e+00  2.4122806239e+02  5.5502598015e+03  3.6551780122e+03 
 27   4.0609622476e-06  2.2145042508e+03  9.4780236825e+00  2.4122806929e+02  5.5502848639e+03  3.6551781222e+03 
 28   4.2113682567e-06  2.2145012491e+03  9.4780224247e+00  2.4122806577e+02  5.5502717049e+03  3.6551780661e+03 
 29   4.3617742659e-06  2.2145028177e+03  9.4780231013e+00  2.4122806756e+02  5.5502785927e+03  3.6551780947e+03 
 30   4.5121802751e-06  2.2145020004e+03  9.4780227382e+00  2.4122806665e+02  5.5502749981e+03  3.6551780801e+03 
 31   4.6625862842e-06  2.2145024250e+03  9.4780229326e+00  2.4122806712e+02  5.5502768688e+03  3.6551780876e+03 
 32   4.8129922934e-06  2.2145022050e+03  9.4780228288e+00  2.4122806688e+02  5.5502758978e+03  3.6551780838e+03 
 33   4.9633983026e-06  2.2145023187e+03  9.4780228842e+00  2.4122806700e+02  5.5502764005e+03  3.6551780857e+03 
 34   5.1138043117e-06  2.2145022601e+03  9.4780228547e+00  2.4122806694e+02  5.5502761409e+03  3.6551780847e+03 
 35   5.2642103209e-06  2.2145022903e+03  9.4780228703e+00  2.4122806697e+02  5.5502762746e+03  3.6551780852e+03 
 36   5.4146163301e-06  2.2145022748e+03  9.4780228620e+00  2.4122806695e+02  5.5502762059e+03  3.6551780850e+03 
 37   5.5650223392e-06  2.2145022827e+03  9.4780228664e+00  2.4122806696e+02  5.5502762412e+03  3.6551780851e+03 
 38   5.7154283484e-06  2.2145022787e+03  9.4780228641e+00  2.4122806696e+02  5.5502762231e+03  3.6551780850e+03 
 39   5.8658343576e-06  2.2145022807e+03  9.4780228653e+00  2.4122806696e+02  5.5502762323e+03  3.6551780851e+03 
 40   6.0162403668e-06  2.2145022797e+03  9.4780228647e+00  2.4122806696e+02  5.5502762276e+03  3.6551780851e+03 
 41   6.1666463759e-06  2.2145022802e+03  9.4780228650e+00  2.4122806696e+02  5.5502762300e+03  3.6551780851e+03 
 42   6.3170523851e-06  2.2145022799e+03  9.4780228648e+00  2.4122806696e+02  5.5502762288e+03  3.6551780851e+03 
 43   6.4674583943e-06  2.2145022801e+03  9.4780228649e+00  2.4122806696e+02  5.5502762294e+03  3.6551780851e+03 
 44   6.6178644034e-06  2.2145022800e+03  9.4780228649e+00  2.4122806696e+02  5.5502762291e+03  3.6551780851e+03 
 45   6.7682704126e-06  2.2145022800e+03  9.4780228649e+00  2.4122806696e+02  5.5502762293e+03  3.6551780851e+03 
 46   6.9186764218e-06  2.2145022800e+03  9.4780228649e+00  2.4122806696e+02  5.5502762292e+03  3.6551780851e+03 
 47   7.0690824309e-06  2.2145022800e+03  9.4780228649e+00  2.4122806696e+02  5.5502762292e+03  3.6551780851e+03 
 48   7.2194884401e-06  2.2145022800e+03  9.4780228649e+00  2.4122806696e+02  5.5502762292e+03  3.6551780851e+03 
 49   7.3698944493e-06  2.2145022800e+03  9.4780228649e+00  2.4122806696e+02  5.5502762292e+03  3.6551780851e+03 
 50   7.5203004584e-06  2.2145022800e+03  9.4780228649e+00  2.4122806696e+02  5.5502762292e+03  3.6551780851e+03 
 51   7.6707064676e-06  2.2145022800e+03  9.4780228649e+00  2.4122806696e+02  5.5502762292e+03  3.6551780851e+03 
 52   7.8211124768e-06  2.2145022800e+03  9.4780228649e+00  2.4122806696e+02  5.5502762292e+03  3.6551780851e+03 
 53   7.9715184859e-06  2.2145022800e+03  9.4780228649e+00  2.4122806696e+02  5.5502762292e+03  3.6551780851e+03 
 54   8.1219244951e-06  2.2145022800e+03  9.4780228649e+00  2.4122806696e+02  5.5502762292e+03  3.6551780851e+03 
 55   8.2723305043e-06  2.2145022800e+03  9.4780228649e+00  2.4122806696e+02  5.5502762292e+03  3.6551780851e+03 
 56   8.4227365135e-06  2.2145022800e+03  9.4780228649e+00  2.4122806696e+02  5.5502762292e+03  3.6551780851e+03 
 57   8.5731425226e-06  2.2145022800e+03  9.4780228649e+00  2.4122806696e+02  5.5502762292e+03  3.6551780851e+03 
 58   8.7235485318e-06  2.2145022800e+03  9.4780228649e+00  2.4122806696e+02  5.5502762292e+03  3.6551780851e+03 
 59   8.8739545410e-06  2.2145022800e+03  9.4780228649e+00  2.4122806696e+02  5.5502762292e+03  3.6551780851e+03 
 60   9.0243605501e-06  2.2145022800e+03  9.4780228649e+00  2.4122806696e+02  5.5502762292e+03  3.6551780851e+03 
 61   9.1747665593e-06  2.2145022800e+03  9.4780228649e+00  2.4122806696e+02  5.5502762292e+03  3.6551780851e+03 
 62   9.3251725685e-06  2.2145022800e+03  9.4780228649e+00  2.4122806696e+02  5.5502762292e+03  3.6551780851e+03 
 63   9.4755785776e-06  2.2145022800e+03  9.4780228649e+00  2.4122806696e+02  5.5502762292e+03  3.6551780851e+03 
 64   9.6259845868e-06  2.2145022800e+03  9.4780228649e+00  2.4122806696e+02  5.5502762292e+03  3.6551780851e+03 
 65   9.7763905960e-06  2.2145022800e+03  9.4780228649e+00  2.4122806696e+02  5.5502762292e+03  3.6551780851e+03 
 66   9.9267966051e-06  2.2145022800e+03  9.4780228649e+00  2.4122806696e+02  5.5502762292e+03  3.6551780851e+03 
 67   1.0077202614e-05  2.2145022800e+03  9.4780228649e+00  2.4122806696e+02  5.5502762292e+03  3.6551780851e+03 
 68   1.0227608623e-05  2.2145022800e+03  9.4780228649e+00  2.4122806696e+02  5.5502762292e+03  3.6551780851e+03 
 69   1.0378014633e-05  2.2145022800e+03  9.4780228649e+00  2.4122806696e+02  5.5502762292e+03  3.6551780851e+03 
 70   1.0528420642e-05  2.2145022800e+03  9.4780228649e+00  2.4122806696e+02  5.5502762292e+03  3.6551780851e+03 
 71   1.0678826651e-05  2.2145022800e+03  9.4780228649e+00  2.4122806696e+02  5.5502762292e+03  3.6551780851e+03 
