# svMultiPhysics boundary integral results file. 
# Quantities represent averaged scalar or flux values over each mesh face.
#        
# Format 
# ------ 
# face areas: [list of mesh face areas]  
# step time [list of mesh face names] 
# [time step] [time] [list of computed values for each mesh face]
face areas:  2.024e-09  5.049e-12  4.356e-12  7.757e-12  4.239e-12 
step   time   WALL  OUTLET_03  OUTLET_01  INLET  OUTLET_02 
 1   1.5040600917e-07  0.0000000000e+00  7.3762901955e-15  2.7020493070e-15  -1.5513591604e-14  1.3192047904e-14 
 2   3.0081201834e-07  0.0000000000e+00  7.9688971769e-15  2.4025219095e-15  -1.5513591604e-14  1.2637746169e-15 
 3   4.5121802751e-07  0.0000000000e+00  8.1823410100e-15  2.4794495180e-15  -1.5513591604e-14  6.7910000269e-15 
 4   6.0162403668e-07  0.0000000000e+00  7.9006722050e-15  2.3512843949e-15  -1.5513591604e-14  4.2920355292e-15 
 5   7.5203004584e-07  0.0000000000e+00  8.0468988968e-15  2.4335383232e-15  -1.5513591604e-14  5.5179541221e-15 
 6   9.0243605501e-07  0.0000000000e+00  7.9788007426e-15  2.3948591469e-15  -1.5513591604e-14  4.8975318461e-15 
 7   1.0528420642e-06  0.0000000000e+00  8.0119806603e-15  2.4128479784e-15  -1.5513591604e-14  5.2099629001e-15 
 8   1.2032480734e-06  0.0000000000e+00  7.9952256681e-15  2.4038929800e-15  -1.5513591604e-14  5.0538729890e-15 
 9   1.3536540825e-06  0.0000000000e+00  8.0037648694e-15  2.4084767055e-15  -1.5513591604e-14  5.1316500131e-15 
 10   1.5040600917e-06  0.0000000000e+00  7.9994200096e-15  2.4061386857e-15  -1.5513591604e-14  5.0928829173e-15 
 11   1.6544661009e-06  0.0000000000e+00  8.0016198098e-15  2.4073230143e-15  -1.5513591604e-14  5.1122237762e-15 
 12   1.8048721100e-06  0.0000000000e+00  8.0005130853e-15  2.4067251299e-15  -1.5513591604e-14  5.1025658913e-15 
 13   1.9552781192e-06  0.0000000000e+00  8.0010662060e-15  2.4070263681e-15  -1.5513591604e-14  5.1073927793e-15 
 14   2.1056841284e-06  0.0000000000e+00  8.0007913357e-15  2.4068748823e-15  -1.5513591604e-14  5.1049785119e-15 
 15   2.2560901375e-06  0.0000000000e+00  8.0009274223e-15  2.4069509363e-15  -1.5513591604e-14  5.1061866831e-15 
 16   2.4064961467e-06  0.0000000000e+00  8.0008601301e-15  2.4069127867e-15  -1.5513591604e-14  5.1055819689e-15 
 17   2.5569021559e-06  0.0000000000e+00  8.0008934440e-15  2.4069319231e-15  -1.5513591604e-14  5.1058845967e-15 
 18   2.7073081650e-06  0.0000000000e+00  8.0008769022e-15  2.4069223171e-15  -1.5513591604e-14  5.1057332054e-15 
 19   2.8577141742e-06  0.0000000000e+00  8.0008851476e-15  2.4069271445e-15  -1.5513591604e-14  5.1058089020e-15 
 20   3.0081201834e-06  0.0000000000e+00  8.0008810223e-15  2.4069247155e-15  -1.5513591604e-14  5.1057710717e-15 
 21   3.1585261925e-06  0.0000000000e+00  8.0008830920e-15  2.4069259391e-15  -1.5513591604e-14  5.1057899707e-15 
 22   3.3089322017e-06  0.0000000000e+00  8.0008820522e-15  2.4069253222e-15  -1.5513591604e-14  5.1057805313e-15 
 23   3.4593382109e-06  0.0000000000e+00  8.0008825746e-15  2.4069256333e-15  -1.5513591604e-14  5.1057852458e-15 
 24   3.6097442201e-06  0.0000000000e+00  8.0008823125e-15  2.4069254764e-15  -1.5513591604e-14  5.1057828908e-15 
 25   3.7601502292e-06  0.0000000000e+00  8.0008824437e-15  2.4069255555e-15  -1.5513591604e-14  5.1057840675e-15 
 26   3.9105562384e-06  0.0000000000e+00  8.0008823781e-15  2.4069255157e-15  -1.5513591604e-14  5.1057834794e-15 
 27   4.0609622476e-06  0.0000000000e+00  8.0008824108e-15  2.4069255358e-15  -1.5513591604e-14  5.1057837734e-15 
 28   4.2113682567e-06  0.0000000000e+00  8.0008823946e-15  2.4069255256e-15  -1.5513591604e-14  5.1057836264e-15 
 29   4.3617742659e-06  0.0000000000e+00  8.0008824027e-15  2.4069255307e-15  -1.5513591604e-14  5.1057836999e-15 
 30   4.5121802751e-06  0.0000000000e+00  8.0008823986e-15  2.4069255282e-15  -1.5513591604e-14  5.1057836631e-15 
 31   4.6625862842e-06  0.0000000000e+00  8.0008824006e-15  2.4069255295e-15  -1.5513591604e-14  5.1057836815e-15 
 32   4.8129922934e-06  0.0000000000e+00  8.0008823996e-15  2.4069255288e-15  -1.5513591604e-14  5.1057836723e-15 
 33   4.9633983026e-06  0.0000000000e+00  8.0008824001e-15  2.4069255291e-15  -1.5513591604e-14  5.1057836769e-15 
 34   5.1138043117e-06  0.0000000000e+00  8.0008823999e-15  2.4069255290e-15  -1.5513591604e-14  5.1057836746e-15 
 35   5.2642103209e-06  0.0000000000e+00  8.0008824000e-15  2.4069255291e-15  -1.5513591604e-14  5.1057836758e-15 
 36   5.4146163301e-06  0.0000000000e+00  8.0008823999e-15  2.4069255290e-15  -1.5513591604e-14  5.1057836752e-15 
 37   5.5650223392e-06  0.0000000000e+00  8.0008824000e-15  2.4069255290e-15  -1.5513591604e-14  5.1057836755e-15 
 38   5.7154283484e-06  0.0000000000e+00  8.0008824000e-15  2.4069255290e-15  -1.5513591604e-14  5.1057836754e-15 
 39   5.8658343576e-06  0.0000000000e+00  8.0008824000e-15  2.4069255290e-15  -1.5513591604e-14  5.1057836754e-15 
 40   6.0162403668e-06  0.0000000000e+00  8.0008824000e-15  2.4069255290e-15  -1.5513591604e-14  5.1057836754e-15 
 41   6.1666463759e-06  0.0000000000e+00  8.0008824000e-15  2.4069255290e-15  -1.5513591604e-14  5.1057836754e-15 
 42   6.3170523851e-06  0.0000000000e+00  8.0008824000e-15  2.4069255290e-15  -1.5513591604e-14  5.1057836754e-15 
 43   6.4674583943e-06  0.0000000000e+00  8.0008824000e-15  2.4069255290e-15  -1.5513591604e-14  5.1057836754e-15 
 44   6.6178644034e-06  0.0000000000e+00  8.0008824000e-15  2.4069255290e-15  -1.5513591604e-14  5.1057836754e-15 
 45   6.7682704126e-06  0.0000000000e+00  8.0008824000e-15  2.4069255290e-15  -1.5513591604e-14  5.1057836754e-15 
 46   6.9186764218e-06  0.0000000000e+00  8.0008824000e-15  2.4069255290e-15  -1.5513591604e-14  5.1057836754e-15 
 47   7.0690824309e-06  0.0000000000e+00  8.0008824000e-15  2.4069255290e-15  -1.5513591604e-14  5.1057836754e-15 
 48   7.2194884401e-06  0.0000000000e+00  8.0008824000e-15  2.4069255290e-15  -1.5513591604e-14  5.1057836754e-15 
 49   7.3698944493e-06  0.0000000000e+00  8.0008824000e-15  2.4069255290e-15  -1.5513591604e-14  5.1057836754e-15 
 50   7.5203004584e-06  0.0000000000e+00  8.0008824000e-15  2.4069255290e-15  -1.5513591604e-14  5.1057836754e-15 
 51   7.6707064676e-06  0.0000000000e+00  8.0008824000e-15  2.4069255290e-15  -1.5513591604e-14  5.1057836754e-15 
 52   7.8211124768e-06  0.0000000000e+00  8.0008824000e-15  2.4069255290e-15  -1.5513591604e-14  5.1057836754e-15 
 53   7.9715184859e-06  0.0000000000e+00  8.0008824000e-15  2.4069255290e-15  -1.5513591604e-14  5.1057836754e-15 
 54   8.1219244951e-06  0.0000000000e+00  8.0008824000e-15  2.4069255290e-15  -1.5513591604e-14  5.1057836754e-15 
 55   8.2723305043e-06  0.0000000000e+00  8.0008824000e-15  2.4069255290e-15  -1.5513591604e-14  5.1057836754e-15 
 56   8.4227365135e-06  0.0000000000e+00  8.0008824000e-15  2.4069255290e-15  -1.5513591604e-14  5.1057836754e-15 
 57   8.5731425226e-06  0.0000000000e+00  8.0008824000e-15  2.4069255290e-15  -1.5513591604e-14  5.1057836754e-15 
 58   8.7235485318e-06  0.0000000000e+00  8.0008824000e-15  2.4069255290e-15  -1.5513591604e-14  5.1057836754e-15 
 59   8.8739545410e-06  0.0000000000e+00  8.0008824000e-15  2.4069255290e-15  -1.5513591604e-14  5.1057836754e-15 
 60   9.0243605501e-06  0.0000000000e+00  8.0008824000e-15  2.4069255290e-15  -1.5513591604e-14  5.1057836754e-15 
 61   9.1747665593e-06  0.0000000000e+00  8.0008824000e-15  2.4069255290e-15  -1.5513591604e-14  5.1057836754e-15 
 62   9.3251725685e-06  0.0000000000e+00  8.0008824000e-15  2.4069255290e-15  -1.5513591604e-14  5.1057836754e-15 
 63   9.4755785776e-06  0.0000000000e+00  8.0008824000e-15  2.4069255290e-15  -1.5513591604e-14  5.1057836754e-15 
 64   9.6259845868e-06  0.0000000000e+00  8.0008824000e-15  2.4069255290e-15  -1.5513591604e-14  5.1057836754e-15 
 65   9.7763905960e-06  0.0000000000e+00  8.0008824000e-15  2.4069255290e-15  -1.5513591604e-14  5.1057836754e-15 
 66   9.9267966051e-06  0.0000000000e+00  8.0008824000e-15  2.4069255290e-15  -1.5513591604e-14  5.1057836754e-15 
 67   1.0077202614e-05  0.0000000000e+00  8.0008824000e-15  2.4069255290e-15  -1.5513591604e-14  5.1057836754e-15 
 68   1.0227608623e-05  0.0000000000e+00  8.0008824000e-15  2.4069255290e-15  -1.5513591604e-14  5.1057836754e-15 
 69   1.0378014633e-05  0.0000000000e+00  8.0008824000e-15  2.4069255290e-15  -1.5513591604e-14  5.1057836754e-15 
 70   1.0528420642e-05  0.0000000000e+00  8.0008824000e-15  2.4069255290e-15  -1.5513591604e-14  5.1057836754e-15 
 71   1.0678826651e-05  0.0000000000e+00  8.0008824000e-15  2.4069255290e-15  -1.5513591604e-14  5.1057836754e-15 
