-----------------------------------------------------------------------------------
 Eq      N-i            T    dB      Ri/R1      Ri/R0       R/Ri    lsIt   dB   %t
-----------------------------------------------------------------------------------
 NS      1-1    2.450e+01 [   0  1.000e+00  1.000e+00  9.662e-11] [  583 -231   88]
 NS      1-2    3.469e+01 [-115  1.754e-06  1.754e-06  9.968e-11] [  569 -230   78]
 NS      1-3    4.433e+01 [-211  2.532e-11  2.532e-11  9.748e-11] [  530 -231   77]
 NS      2-1    5.589e+01 [   0  1.000e+00  5.078e-01  9.702e-11] [  665 -231   80]
 NS      2-2    6.483e+01 [-113  2.114e-06  1.073e-06  9.701e-11] [  478 -231   75]
 NS      2-3    7.527e+01 [-205  5.294e-11  2.688e-11  9.537e-11] [  587 -231   78]
 NS      3-1    8.599e+01 [   0  1.000e+00  2.674e-01  9.793e-11] [  603 -230   78]
 NS      3-2    9.632e+01 [-114  1.886e-06  5.043e-07  9.877e-11] [  577 -230   78]
 NS      3-3    1.065e+02 [-207  4.016e-11  1.074e-11  9.804e-11] [  571 -230   78]
 NS      4-1    1.179e+02 [   0  1.000e+00  1.481e-01  9.771e-11] [  651 -230   80]
 NS      4-2    1.287e+02 [-115  1.735e-06  2.569e-07  9.811e-11] [  613 -230   79]
 NS      4-3    1.381e+02 [-209  3.215e-11  4.761e-12  9.885e-11] [  502 -230   76]
 NS      5-1    1.504e+02 [   0  1.000e+00  8.595e-02  9.744e-11] [  721 -231   81]
 NS      5-2    1.605e+02 [-115  1.615e-06  1.388e-07  9.735e-11] [  560 -231   78]
 NS      5-3    1.715e+02 [-211  2.645e-11  2.273e-12  9.316e-11] [  626 -231   79]
 NS      6-1    1.890e+02 [   0  1.000e+00  5.140e-02  9.419e-11] [  675 -231   87]
 NS      6-2    1.987e+02 [-116  1.483e-06  7.622e-08  9.774e-11] [  528 -230   77]
 NS      6-3    2.097e+02 [-211  2.701e-11  1.388e-12  9.416e-11] [  631 -231   80]
 NS      7-1    2.213e+02 [   0  1.000e+00  3.108e-02  9.878e-11] [  663 -230   80]
 NS      7-2    2.313e+02 [-116  1.421e-06  4.415e-08  9.916e-11] [  552 -230   77]
 NS      7-3    2.415e+02 [-212  2.482e-11  7.713e-13  9.885e-11] [  568 -230   78]
 NS      8-1    2.532e+02 [   0  1.000e+00  1.876e-02  9.886e-11] [  673 -230   80]
 NS      8-2    2.619e+02 [-117  1.311e-06  2.458e-08  9.642e-11] [  462 -231   74]
 NS      8-3    2.719e+02 [-212  2.414e-11  4.527e-13  9.904e-11] [  559 -230   78]
 NS      9-1    2.836e+02 [   0  1.000e+00  1.122e-02  9.367e-11] [  668 -231   80]
 NS      9-2    2.933e+02 [-117  1.276e-06  1.432e-08  9.899e-11] [  531 -230   77]
 NS      9-3    3.034e+02 [-212  2.252e-11  2.528e-13  9.555e-11] [  562 -231   78]
 NS     10-1    3.148e+02 [   0  1.000e+00  6.641e-03  9.547e-11] [  649 -231   80]
 NS     10-2    3.243e+02 [-118  1.224e-06  8.130e-09  9.681e-11] [  521 -231   76]
 NS     10-3s   3.352e+02 [-213  2.191e-11  1.455e-13  9.799e-11] [  617 -230   79]
 NS     11-1    3.534e+02 [   0  1.000e+00  3.883e-03  9.361e-11] [  670 -231   83]
 NS     11-2    3.627e+02 [-118  1.209e-06  4.694e-09  9.971e-11] [  501 -230   75]
 NS     11-3    3.729e+02 [-213  2.091e-11  8.119e-14  1.452e-10] [  563 -227   78]
 NS     12-1    3.847e+02 [   0  1.000e+00  2.245e-03  9.840e-11] [  679 -230   80]
 NS     12-2    3.946e+02 [-118  1.171e-06  2.629e-09  9.932e-11] [  544 -230   77]
 NS     12-3    4.046e+02 [-213  2.036e-11  4.572e-14  2.558e-10] [  551 -221   77]
 NS     13-1    4.168e+02 [   0  1.000e+00  1.284e-03  9.954e-11] [  706 -230   81]
 NS     13-2    4.255e+02 [-118  1.155e-06  1.483e-09  9.740e-11] [  463 -231   74]
 NS     13-3    4.354e+02 [-213  2.011e-11  2.582e-14  4.425e-10] [  545 -215   77]
 NS     14-1    4.469e+02 [   0  1.000e+00  7.274e-04  9.400e-11] [  659 -231   80]
 NS     14-2    4.554e+02 [-118  1.130e-06  8.217e-10  9.926e-11] [  439 -230   73]
 NS     14-3    4.645e+02 [-213  2.099e-11  1.527e-14  6.769e-10] [  489 -211   75]
 NS     15-1    4.751e+02 [   0  1.000e+00  4.084e-04  9.806e-11] [  591 -230   78]
 NS     15-2    4.850e+02 [-119  1.116e-06  4.557e-10  9.645e-11] [  544 -231   77]
 NS     15-3    4.941e+02 [-212  2.476e-11  1.011e-14  1.076e-09] [  490 -206   75]
 NS     16-1    5.128e+02 [   0  1.000e+00  2.275e-04  9.507e-11] [  750 -231   87]
 NS     16-2    5.212e+02 [-119  1.100e-06  2.503e-10  9.671e-11] [  436 -231   73]
 NS     16-3    5.304e+02 [-209  3.494e-11  7.948e-15  1.441e-09] [  489 -204   75]
 NS     17-1    5.422e+02 [   0  1.000e+00  1.258e-04  9.983e-11] [  681 -230   80]
 NS     17-2    5.510e+02 [-119  1.090e-06  1.371e-10  9.649e-11] [  461 -231   74]
 NS     17-3    5.594e+02 [-204  5.698e-11  7.166e-15  1.622e-09] [  435 -202   73]
 NS     18-1    5.710e+02 [   0  1.000e+00  6.908e-05  9.516e-11] [  668 -231   80]
 NS     18-2    5.811e+02 [-119  1.081e-06  7.467e-11  9.448e-11] [  557 -231   77]
 NS     19-1    5.939e+02 [   0  1.000e+00  3.771e-05  9.798e-11] [  749 -230   82]
 NS     19-2    6.033e+02 [-119  1.075e-06  4.052e-11  9.874e-11] [  507 -230   76]
 NS     20-1    6.151e+02 [   0  1.000e+00  2.047e-05  8.883e-11] [  681 -231   80]
 NS     20-2s   6.249e+02 [-119  1.069e-06  2.189e-11  9.862e-11] [  532 -230   77]
 NS     21-1    6.429e+02 [   0  1.000e+00  1.106e-05  9.259e-11] [  655 -231   83]
 NS     21-2    6.521e+02 [-119  1.066e-06  1.178e-11  9.875e-11] [  487 -230   75]
 NS     22-1    6.638e+02 [   0  1.000e+00  5.942e-06  9.769e-11] [  670 -230   80]
 NS     22-2    6.734e+02 [-119  1.063e-06  6.314e-12  9.964e-11] [  523 -230   76]
 NS     23-1    6.860e+02 [   0  1.000e+00  3.180e-06  9.618e-11] [  730 -231   81]
 NS     23-2    6.948e+02 [-119  1.061e-06  3.373e-12  9.858e-11] [  471 -230   74]
 NS     24-1    7.066e+02 [   0  1.000e+00  1.695e-06  9.791e-11] [  671 -230   80]
 NS     24-2    7.156e+02 [-119  1.060e-06  1.796e-12  9.907e-11] [  484 -230   75]
 NS     25-1    7.274e+02 [   0  1.000e+00  8.995e-07  9.427e-11] [  674 -231   80]
 NS     25-2    7.371e+02 [-119  1.059e-06  9.529e-13  9.941e-11] [  528 -230   76]
 NS     26-1    7.546e+02 [   0  1.000e+00  4.758e-07  9.917e-11] [  668 -230   87]
 NS     26-2    7.642e+02 [-119  1.060e-06  5.041e-13  9.910e-11] [  520 -230   76]
 NS     27-1    7.759e+02 [   0  1.000e+00  2.508e-07  9.752e-11] [  674 -231   80]
 NS     27-2    7.854e+02 [-119  1.061e-06  2.661e-13  9.762e-11] [  515 -230   76]
 NS     28-1    7.973e+02 [   0  1.000e+00  1.318e-07  9.582e-11] [  681 -231   80]
 NS     28-2    8.069e+02 [-119  1.063e-06  1.401e-13  9.912e-11] [  519 -230   76]
 NS     29-1    8.184e+02 [   0  1.000e+00  6.902e-08  9.740e-11] [  658 -231   80]
 NS     29-2    8.271e+02 [-119  1.069e-06  7.377e-14  1.539e-10] [  459 -226   74]
 NS     30-1    8.390e+02 [   0  1.000e+00  3.605e-08  8.883e-11] [  684 -231   80]
 NS     30-2s   8.485e+02 [-119  1.081e-06  3.897e-14  2.978e-10] [  512 -219   76]
 NS     31-1    8.667e+02 [   0  1.000e+00  1.878e-08  9.841e-11] [  670 -230   83]
 NS     31-2    8.754e+02 [-119  1.121e-06  2.106e-14  5.601e-10] [  453 -213   73]
 NS     32-1    8.864e+02 [   0  1.000e+00  9.753e-09  9.883e-11] [  617 -230   79]
 NS     32-2    8.940e+02 [-118  1.244e-06  1.213e-14  9.483e-10] [  377 -208   70]
 NS     33-1    9.054e+02 [   0  1.000e+00  5.053e-09  9.682e-11] [  643 -231   79]
 NS     33-2    9.148e+02 [-115  1.611e-06  8.139e-15  1.430e-09] [  511 -204   76]
 NS     34-1    9.267e+02 [   0  1.000e+00  2.612e-09  9.880e-11] [  681 -230   80]
 NS     34-2    9.350e+02 [-111  2.549e-06  6.658e-15  1.750e-09] [  431 -202   72]
 NS     35-1    9.471e+02 [   0  1.000e+00  1.347e-09  9.942e-11] [  693 -230   81]
 NS     35-2    9.558e+02 [-106  4.611e-06  6.210e-15  1.858e-09] [  464 -201   74]
 NS     36-1    9.726e+02 [   0  1.000e+00  6.930e-10  9.959e-11] [  611 -230   86]
 NS     36-2    9.806e+02 [-101  8.810e-06  6.105e-15  1.926e-09] [  411 -201   72]
 NS     37-1    9.915e+02 [   0  1.000e+00  3.558e-10  9.823e-11] [  614 -230   79]
 NS     37-2    9.989e+02 [ -95  1.705e-05  6.066e-15  1.867e-09] [  359 -201   69]
 NS     38-1    1.011e+03 [   0  1.000e+00  1.823e-10  9.759e-11] [  679 -231   80]
 NS     38-2    1.018e+03 [ -89  3.335e-05  6.078e-15  1.917e-09] [  348 -201   68]
 NS     39-1    1.030e+03 [   0  1.000e+00  9.319e-11  9.757e-11] [  669 -231   80]
 NS     39-2    1.037e+03 [ -83  6.500e-05  6.057e-15  1.920e-09] [  346 -201   68]
 NS     40-1    1.049e+03 [   0  1.000e+00  4.755e-11  9.871e-11] [  690 -230   81]
 NS     40-2s   1.056e+03 [ -77  1.270e-04  6.037e-15  1.933e-09] [  374 -201   70]
 NS     41-1    1.073e+03 [   0  1.000e+00  2.422e-11  9.608e-11] [  558 -231   82]
 NS     41-2    1.080e+03 [ -72  2.480e-04  6.007e-15  1.848e-09] [  344 -201   68]
 NS     42-1    1.092e+03 [   0  1.000e+00  1.231e-11  9.983e-11] [  704 -230   81]
 NS     42-2    1.101e+03 [ -66  4.889e-04  6.019e-15  1.930e-09] [  445 -201   73]
 NS     43-1    1.113e+03 [   0  1.000e+00  6.247e-12  9.799e-11] [  721 -230   81]
 NS     43-2    1.121e+03 [ -60  9.539e-04  5.959e-15  1.956e-09] [  385 -201   70]
 NS     44-1    1.133e+03 [   0  1.000e+00  3.165e-12  9.904e-11] [  676 -230   80]
 NS     44-2    1.141e+03 [ -54  1.884e-03  5.961e-15  1.956e-09] [  426 -201   72]
 NS     45-1    1.153e+03 [   0  1.000e+00  1.601e-12  9.942e-11] [  656 -230   79]
 NS     45-2    1.161e+03 [ -48  3.718e-03  5.950e-15  1.920e-09] [  450 -201   73]
 NS     46-1    1.179e+03 [   0  1.000e+00  8.081e-13  9.989e-11] [  703 -230   87]
 NS     46-2    1.187e+03 [ -42  7.332e-03  5.925e-15  1.958e-09] [  370 -201   70]
 NS     47-1    1.199e+03 [   0  1.000e+00  4.074e-13  9.775e-11] [  720 -230   81]
 NS     47-2    1.208e+03 [ -36  1.450e-02  5.910e-15  1.916e-09] [  456 -201   73]
 NS     48-1    1.218e+03 [   0  1.000e+00  2.052e-13  9.854e-11] [  586 -230   78]
 NS     48-2    1.226e+03 [ -30  2.894e-02  5.938e-15  1.932e-09] [  391 -201   71]
 NS     49-1    1.238e+03 [   0  1.000e+00  1.034e-13  1.139e-10] [  688 -229   81]
 NS     49-2    1.246e+03 [ -24  5.699e-02  5.896e-15  1.989e-09] [  406 -200   71]
 NS     50-1    1.258e+03 [   0  1.000e+00  5.248e-14  1.951e-10] [  650 -224   80]
 NS     50-2s   1.266e+03 [ -18  1.126e-01  5.907e-15  1.996e-09] [  456 -200   74]
 NS     51-1    1.284e+03 [   0  1.000e+00  2.743e-14  4.278e-10] [  631 -216   83]
 NS     51-2    1.290e+03 [ -13  2.135e-01  5.856e-15  1.993e-09] [  289 -200   64]
 NS     52-1    1.302e+03 [   0  1.000e+00  1.580e-14  7.368e-10] [  641 -210   79]
 NS     52-2    1.310e+03 [  -8  3.720e-01  5.878e-15  1.887e-09] [  448 -201   73]
 NS     53-1    1.320e+03 [   0  1.000e+00  1.134e-14  1.033e-09] [  556 -207   77]
 NS     53-2    1.329e+03 [  -5  5.183e-01  5.879e-15  1.948e-09] [  475 -201   74]
 NS     54-1    1.339e+03 [   0  1.000e+00  9.563e-15  1.182e-09] [  538 -206   76]
 NS     54-2    1.347e+03 [  -4  6.185e-01  5.915e-15  1.993e-09] [  383 -200   70]
 NS     55-1    1.357e+03 [   0  1.000e+00  8.982e-15  1.256e-09] [  548 -205   77]
 NS     55-2    1.365e+03 [  -3  6.511e-01  5.848e-15  2.002e-09] [  422 -200   72]
 NS     56-1    1.380e+03 [   0  1.000e+00  8.943e-15  1.244e-09] [  453 -205   84]
 NS     56-2    1.388e+03 [  -3  6.597e-01  5.900e-15  1.977e-09] [  418 -200   72]
 NS     57-1    1.396e+03 [   0  1.000e+00  9.138e-15  1.254e-09] [  443 -205   73]
 NS     57-2    1.402e+03 [  -3  6.413e-01  5.860e-15  1.912e-09] [  270 -201   62]
 NS     58-1    1.411e+03 [   0  1.000e+00  9.005e-15  1.244e-09] [  458 -205   73]
 NS     58-2    1.419e+03 [  -3  6.541e-01  5.890e-15  1.989e-09] [  378 -200   70]
 NS     59-1    1.426e+03 [   0  1.000e+00  8.874e-15  1.287e-09] [  365 -205   69]
 NS     59-2    1.433e+03 [  -3  6.615e-01  5.871e-15  2.003e-09] [  334 -200   67]
 NS     60-1    1.441e+03 [   0  1.000e+00  8.767e-15  1.315e-09] [  382 -204   70]
 NS     60-2s   1.448e+03 [  -3  6.564e-01  5.755e-15  2.036e-09] [  319 -200   66]
 NS     61-1    1.461e+03 [   0  1.000e+00  8.664e-15  1.300e-09] [  323 -205   78]
 NS     61-2    1.469e+03 [  -3  6.494e-01  5.626e-15  1.988e-09] [  406 -200   71]
 NS     62-1    1.477e+03 [   0  1.000e+00  8.830e-15  1.293e-09] [  376 -205   69]
 NS     62-2    1.485e+03 [  -4  6.287e-01  5.551e-15  2.120e-09] [  438 -200   73]
 NS     63-1    1.492e+03 [   0  1.000e+00  9.059e-15  1.298e-09] [  324 -205   66]
 NS     63-2    1.501e+03 [  -3  6.518e-01  5.905e-15  1.966e-09] [  429 -200   72]
 NS     64-1    1.508e+03 [   0  1.000e+00  8.870e-15  1.317e-09] [  369 -204   69]
 NS     64-2    1.516e+03 [  -3  6.475e-01  5.744e-15  2.046e-09] [  370 -200   70]
 NS     65-1    1.523e+03 [   0  1.000e+00  8.888e-15  1.316e-09] [  377 -204   69]
 NS     65-2    1.530e+03 [  -3  6.373e-01  5.664e-15  2.071e-09] [  356 -200   69]
 NS     66-1    1.545e+03 [   0  1.000e+00  8.791e-15  1.302e-09] [  433 -205   83]
 NS     66-2    1.552e+03 [  -3  6.396e-01  5.623e-15  1.963e-09] [  359 -200   69]
 NS     67-1    1.561e+03 [   0  1.000e+00  8.905e-15  1.275e-09] [  443 -205   73]
 NS     67-2    1.569e+03 [  -3  6.403e-01  5.702e-15  2.008e-09] [  457 -200   74]
 NS     68-1    1.577e+03 [   0  1.000e+00  8.922e-15  1.293e-09] [  373 -205   69]
 NS     68-2    1.585e+03 [  -4  6.256e-01  5.582e-15  2.050e-09] [  428 -200   73]
 NS     69-1    1.592e+03 [   0  1.000e+00  9.183e-15  1.246e-09] [  345 -205   67]
 NS     69-2    1.601e+03 [  -4  6.038e-01  5.544e-15  2.103e-09] [  452 -200   73]
 NS     70-1    1.610e+03 [   0  1.000e+00  9.215e-15  1.256e-09] [  441 -205   72]
 NS     70-2s   1.617e+03 [  -4  6.180e-01  5.695e-15  2.028e-09] [  375 -200   69]
 NS     71-1    1.632e+03 [   0  1.000e+00  8.889e-15  1.322e-09] [  392 -204   79]
 NS     71-2    1.640e+03 [  -4  6.283e-01  5.585e-15  2.045e-09] [  446 -200   73]
